Date_reported,Country,New_cases,Cumulative_cases,New_deaths,MA,MA_deaths,MSTD_cases,MSTD_deaths,OTG_cases,UTG_cases,OTG_deaths,UTG_deaths
2021-04-02 00:00:00+00:00,Austria,3058,545726,23,3180.714285714286,23.571428571428573,414.48430379993,5.912053869256401,3595.1985895142157,2766.229981914356,29.483482440684973,17.659374702172173
2021-04-03 00:00:00+00:00,Austria,3077,548803,33,3122.1428571428573,24.857142857142858,392.36778179630676,6.914443130876892,3514.510638939164,2729.7750753465507,31.77158598801975,17.942699726265964
2021-04-04 00:00:00+00:00,Austria,3693,552496,23,3093.1428571428573,24.285714285714285,327.8340172380263,6.872997543918,3420.9768743808836,2765.308839904831,31.158711829632285,17.412716741796284
2021-04-05 00:00:00+00:00,Austria,2915,555411,24,3128.5714285714284,26.142857142857142,284.6640459364278,3.7161167648674387,3413.2354745078565,2843.9073826350004,29.858973907724582,22.426740377989702
2021-04-06 00:00:00+00:00,Austria,2268,557679,26,2989.714285714286,26.428571428571427,424.1460889401087,3.5989416434537502,3413.8603746543945,2565.568196774177,30.027513072025176,22.829629785117678
2021-04-07 00:00:00+00:00,Austria,2077,559756,35,2885.0,27.428571428571427,548.2386949750618,4.8599431704137075,3433.2386949750617,2336.7613050249383,32.28851459898513,22.56862825815772
2021-04-08 00:00:00+00:00,Austria,3006,562762,46,2870.5714285714284,30.0,542.7236427337999,8.563488385811763,3413.2950713052282,2327.8477858376286,38.563488385811766,21.436511614188237
2021-04-09 00:00:00+00:00,Austria,3052,565814,36,2869.714285714286,31.857142857142858,542.3829257051987,8.194074514150708,3412.0972114194847,2327.331360009087,40.05121737129357,23.663068342992148
2021-04-10 00:00:00+00:00,Austria,2432,568246,34,2777.5714285714284,32.0,555.918116616333,8.22597511953832,3333.4895451877615,2221.6533119550954,40.22597511953832,23.77402488046168
2021-04-11 00:00:00+00:00,Austria,3559,571805,27,2758.4285714285716,32.57142857142857,520.3085165382669,7.612646120303831,3278.7370879668383,2238.120054890305,40.1840746917324,24.95878245112474
2021-04-12 00:00:00+00:00,Austria,2139,573944,18,2647.5714285714284,31.714285714285715,562.3577915487539,8.957571949959009,3209.9292201201824,2085.2136370226744,40.671857664244726,22.756713764326705
2021-04-13 00:00:00+00:00,Austria,1770,575714,37,2576.4285714285716,33.285714285714285,643.9598479063707,8.750510189241744,3220.3884193349422,1932.468723522201,42.03622447495603,24.53520409647254
2021-04-14 00:00:00+00:00,Austria,2032,577746,51,2570.0,35.57142857142857,649.9730763664835,11.058287131663118,3219.9730763664834,1920.0269236335166,46.62971570309169,24.51314143976545
2021-04-15 00:00:00+00:00,Austria,2855,580601,31,2548.4285714285716,33.42857142857143,635.4344595489484,10.113640011702469,3183.86303097752,1912.9941118796232,43.5422114402739,23.314931416868962
2021-04-16 00:00:00+00:00,Austria,2561,583162,33,2478.285714285714,33.0,596.4890930239665,10.049875621150514,3074.774807309681,1881.7966212617478,43.04987562115051,22.950124378849488
2021-04-17 00:00:00+00:00,Austria,2348,585510,30,2466.285714285714,32.42857142857143,598.417277571892,10.097147169026366,3064.7029918576063,1867.8684367138221,42.525718597597795,22.331424259545066
2021-04-18 00:00:00+00:00,Austria,2591,588101,23,2328.0,31.857142857142858,373.3380952095005,10.558228567178658,2701.3380952095004,1954.6619047904994,42.41537142432151,21.298914289964202
2021-04-19 00:00:00+00:00,Austria,2159,590260,34,2330.8571428571427,34.142857142857146,371.7236556795932,8.610624666274274,2702.580798536736,1959.1334871775493,42.75348180913142,25.53223247658287
2021-04-20 00:00:00+00:00,Austria,1792,592052,32,2334.0,33.42857142857143,366.24399881498545,8.541216596772136,2700.2439988149854,1967.7560011850146,41.96978802534357,24.887354831799293
2021-04-21 00:00:00+00:00,Austria,2005,594057,27,2330.1428571428573,30.0,370.07676166591995,3.8297084311036405,2700.2196188087773,1960.0660954769373,33.82970843110364,26.17029156889636
2021-04-22 00:00:00+00:00,Austria,2377,596434,40,2261.8571428571427,31.285714285714285,293.2066555494119,5.407226205615323,2555.0637984065547,1968.6504873077308,36.69294049132961,25.87848808009896
2021-04-23 00:00:00+00:00,Austria,2347,598781,25,2231.285714285714,30.142857142857142,266.7837540591665,5.814595756380942,2498.0694683448805,1964.5019602265477,35.957452899238085,24.3282613864762
2021-04-24 00:00:00+00:00,Austria,2407,601188,32,2239.714285714286,30.428571428571427,271.9673474823182,5.855400437742352,2511.681633196604,1967.7469382319675,36.28397186631378,24.573170990829077
2021-04-25 00:00:00+00:00,Austria,2231,603419,15,2188.285714285714,29.285714285714285,224.33510223897432,7.952238379141805,2412.6208165246885,1963.95061204674,37.23795266485609,21.33347590657248
2021-04-26 00:00:00+00:00,Austria,2091,605510,11,2178.5714285714284,26.0,227.26772548902008,10.132456102410309,2405.8391540604484,1951.3037030824084,36.13245610241031,15.867543897589691
2021-04-27 00:00:00+00:00,Austria,1380,606890,22,2119.714285714286,24.571428571428573,359.150253742416,9.84644001418727,2478.864539456702,1760.5640319718698,34.41786858561584,14.724988557241304
2021-04-28 00:00:00+00:00,Austria,1557,608447,20,2055.714285714286,23.571428571428573,418.08081925617233,9.913915184543539,2473.795104970458,1637.6334664581134,33.48534375597211,13.657513386885034
2021-04-29 00:00:00+00:00,Austria,2286,610733,29,2042.7142857142858,22.0,407.7117912977822,7.438637868181526,2450.426077012068,1635.0024944165036,29.438637868181527,14.561362131818473
2021-04-30 00:00:00+00:00,Austria,1995,612728,33,1992.4285714285713,23.142857142857142,385.0021026552499,8.513294924810236,2377.430674083821,1607.4264687733214,31.656152067667378,14.629562218046907
2021-05-01 00:00:00+00:00,Austria,2231,614959,26,1967.2857142857142,22.285714285714285,358.2321008739783,7.739816658382313,2325.5178151596924,1609.053613411736,30.025530944096598,14.545897627331971
2021-05-02 00:00:00+00:00,Austria,1655,616614,16,1885.0,22.428571428571427,353.6858304597707,7.590721152806093,2238.685830459771,1531.3141695402292,30.01929258137752,14.837850275765334
2021-05-03 00:00:00+00:00,Austria,1732,618346,11,1833.7142857142858,22.428571428571427,344.75194671424094,7.590721152806093,2178.466232428527,1488.9623390000447,30.01929258137752,14.837850275765334
2021-05-04 00:00:00+00:00,Austria,888,619234,25,1763.4285714285713,22.857142857142858,477.3296754330044,7.646972634762081,2240.7582468615756,1286.0988959955669,30.50411549190494,15.210170222380777
2021-05-05 00:00:00+00:00,Austria,1297,620531,25,1726.2857142857142,23.571428571428573,505.3624818846356,7.568732673725697,2231.64819617035,1220.9232324010786,31.14016124515427,16.002695897702875
2021-05-06 00:00:00+00:00,Austria,1682,622213,26,1640.0,23.142857142857142,441.3826759944622,7.289914755569258,2081.3826759944623,1198.6173240055377,30.432771898426402,15.852942387287884
2021-05-07 00:00:00+00:00,Austria,1220,623433,8,1529.2857142857142,19.571428571428573,434.6422721771057,7.764387566725952,1963.92798646282,1094.6434421086085,27.335816138154524,11.807041004702622
2021-05-08 00:00:00+00:00,Austria,1383,624816,23,1408.142857142857,19.142857142857142,305.4370794864129,7.425823667679701,1713.57993662927,1102.7057776564443,26.568680810536843,11.717033475177441
2021-05-09 00:00:00+00:00,Austria,1251,626067,14,1350.4285714285713,18.857142857142858,288.7298952002298,7.603257447314215,1639.158466628801,1061.6986762283416,26.460400304457075,11.253885409828642
2021-05-10 00:00:00+00:00,Austria,1009,627076,11,1247.142857142857,18.857142857142858,257.0638238360253,7.603257447314215,1504.2066809788823,990.0790333068319,26.460400304457075,11.253885409828642
2021-05-11 00:00:00+00:00,Austria,670,627746,16,1216.0,17.571428571428573,314.5928585776512,7.13809364977779,1530.5928585776512,901.4071414223488,24.709522221206363,10.433334921650783
2021-05-12 00:00:00+00:00,Austria,968,628714,19,1169.0,16.714285714285715,324.88254287982437,6.421689438046152,1493.8825428798243,844.1174571201757,23.135975152331866,10.292596276239564
2021-05-13 00:00:00+00:00,Austria,1179,629893,14,1097.142857142857,15.0,235.96569565343208,4.966554808646265,1333.1085527962891,861.1771614894251,19.966554808646265,10.033445191353735
2021-05-14 00:00:00+00:00,Austria,1100,630993,11,1080.0,15.428571428571429,229.83182257482602,4.353433237457653,1309.831822574826,850.168177425174,19.78200466602908,11.075138191113776
2021-05-15 00:00:00+00:00,Austria,721,631714,14,985.4285714285714,14.142857142857142,220.379110585277,2.794552524134354,1205.8076820138485,765.0494608432945,16.937409666991496,11.34830461872279
2021-05-16 00:00:00+00:00,Austria,684,632398,12,904.4285714285714,13.857142857142858,210.47791423891167,2.911389784417874,1114.9064856674831,693.9506571896598,16.768532641560732,10.945753072724983
2021-05-17 00:00:00+00:00,Austria,676,633074,6,856.8571428571429,13.142857142857142,220.30617223587424,4.0999419276554505,1077.1633150930172,636.5509706212687,17.242799070512593,9.042915215201692
2021-05-18 00:00:00+00:00,Austria,391,633465,15,817.0,13.0,277.5475935188094,4.000000000077935,1094.5475935188094,539.4524064811906,17.000000000077936,8.999999999922064
2021-05-19 00:00:00+00:00,Austria,630,634095,11,768.7142857142857,11.857142857142858,276.29797579785117,3.0237157841771825,1045.0122615121368,492.4163099164345,14.88085864132004,8.833427072965675
2021-05-20 00:00:00+00:00,Austria,866,634961,13,724.0,11.714285714285714,218.01299655774628,2.9277002189523884,942.0129965577463,505.9870034422537,14.641985933238102,8.786585495333325
2021-05-21 00:00:00+00:00,Austria,603,635564,8,653.0,11.285714285714286,143.26897780547444,3.251373336307977,796.2689778054744,509.73102219452556,14.537087622022263,8.03434094940631
2021-05-22 00:00:00+00:00,Austria,671,636235,12,645.8571428571429,11.0,140.53401554511805,3.055050463406395,786.391158402261,505.32312731202484,14.055050463406396,7.9449495365936045
2021-05-23 00:00:00+00:00,Austria,626,636861,8,637.5714285714286,10.428571428571429,139.61716363821049,3.207134903046859,777.1885922096391,497.95426493321804,13.635706331618287,7.22143652552457
2021-05-24 00:00:00+00:00,Austria,520,637381,3,615.2857142857143,10.0,144.8144954645974,4.000000000078463,760.1002097503117,470.47121882111696,14.000000000078462,5.999999999921537
2021-05-25 00:00:00+00:00,Austria,342,637723,3,608.2857142857143,8.285714285714286,158.04294172787235,4.070801956870254,766.3286560135866,450.242772557842,12.35651624258454,4.214912328844033
2021-05-26 00:00:00+00:00,Austria,287,638010,8,559.2857142857143,7.857142857142857,198.24708008779334,3.8913824206171075,757.5327943735076,361.038634197921,11.748525277759963,3.9657604365257493
2021-05-27 00:00:00+00:00,Austria,455,638465,19,500.57142857142856,8.714285714285714,146.3339299310101,5.529143565875105,646.9053585024386,354.2374986404185,14.243429280160818,3.185142148410608
2021-05-28 00:00:00+00:00,Austria,589,639054,4,498.57142857142856,8.142857142857142,144.78818684220718,5.8145957563835955,643.3596154136358,353.78324172922134,13.957452899240739,2.328261386473547
2021-05-29 00:00:00+00:00,Austria,538,639592,11,479.57142857142856,8.0,125.8820309485103,5.715476066549241,605.4534595199389,353.68939762291825,13.71547606654924,2.2845239334507594
2021-05-30 00:00:00+00:00,Austria,570,640162,6,471.57142857142856,7.714285714285714,116.45150227622166,5.765248931202031,588.0229308476502,355.1199262952069,13.479534645487746,1.9490367830836837
2021-05-31 00:00:00+00:00,Austria,366,640528,5,449.57142857142856,8.0,120.26201554268988,5.537749242002311,569.8334441141185,329.3094130287387,13.537749242002311,2.4622507579976887
2021-06-01 00:00:00+00:00,Austria,152,640680,12,422.42857142857144,9.285714285714286,162.58214041644248,5.219012860563187,585.0107118450139,259.84643101212896,14.504727146277475,4.066701425151099
2021-06-02 00:00:00+00:00,Austria,364,641044,4,433.42857142857144,8.714285714285714,154.2852954185562,5.589105048102491,587.7138668471276,279.14327601001526,14.303390762388204,3.1251806661832227
2021-06-03 00:00:00+00:00,Austria,472,641516,6,435.85714285714283,6.857142857142857,154.81432812215675,3.287784027298012,590.6714709792996,281.0428147349861,10.144926884440869,3.5693588298448446
2021-06-04 00:00:00+00:00,Austria,323,641839,7,397.85714285714283,7.285714285714286,143.16706857811417,3.0394235043387354,541.024211435257,254.69007427902866,10.32513779005302,4.24629078137555
2021-06-05 00:00:00+00:00,Austria,286,642125,2,361.85714285714283,6.0,133.40468329579969,3.109126351131456,495.2618261529425,228.45245956134315,9.109126351131456,2.890873648868544
2021-06-06 00:00:00+00:00,Austria,304,642429,3,323.85714285714283,5.571428571428571,97.2084162607414,3.309438162742264,421.0655591178842,226.64872659640145,8.880866734170835,2.261990408686307
2021-06-07 00:00:00+00:00,Austria,355,642784,3,322.2857142857143,5.285714285714286,96.49993832476565,3.4503277968036965,418.78565261047993,225.78577596094863,8.736042082517983,1.835386488910589
2021-06-08 00:00:00+00:00,Austria,259,643043,7,337.57142857142856,4.571428571428571,69.81608493556675,2.070196678180515,407.38751350699533,267.7553436358618,6.641625249609087,2.501231893248056
2021-06-09 00:00:00+00:00,Austria,280,643323,5,325.57142857142856,4.714285714285714,71.709732364101,2.058663459317814,397.28116093552956,253.86169620732755,6.7729491736035285,2.6556222549679003
2021-06-10 00:00:00+00:00,Austria,328,643651,0,305.0,3.857142857142857,32.80243895576244,2.609506430373409,337.80243895576245,272.19756104423755,6.466649287516266,1.2476364267694482
2021-06-11 00:00:00+00:00,Austria,262,643913,2,296.2857142857143,3.142857142857143,35.235939465529725,2.26778683819589,331.521653751244,261.04977482018455,5.410643981053033,0.8750703046612527
2021-06-12 00:00:00+00:00,Austria,234,644147,4,288.85714285714283,3.4285714285714284,42.49873949413502,2.2253945611998605,331.35588235127784,246.35840336300782,5.653965989771288,1.203176867371568
2021-06-13 00:00:00+00:00,Austria,214,644361,2,276.0,3.2857142857142856,50.08991915992948,2.288688541224517,326.0899191599295,225.91008084007052,5.574402826938803,0.9970257444897688
2021-06-14 00:00:00+00:00,Austria,216,644577,3,256.14285714285717,3.2857142857142856,40.109967903988554,2.288688541224517,296.2528250468457,216.03288923886862,5.574402826938803,0.9970257444897688
