Date_reported,Country,New_cases,Cumulative_cases,New_deaths,MA,MA_deaths,MSTD_cases,MSTD_deaths,OTG_cases,UTG_cases,OTG_deaths,UTG_deaths
2021-04-02 00:00:00+00:00,Switzerland,1986,603162,12,1848.857142857143,9.428571428571429,545.5301484032876,3.7352886030416497,2394.3872912604306,1303.3269944538551,13.163860031613078,5.69328282552978
2021-04-03 00:00:00+00:00,Switzerland,1203,604365,6,1735.4285714285713,9.714285714285714,590.3024244746724,3.302235894116879,2325.7309959032436,1145.126146953899,13.016521608402591,6.412049820168835
2021-04-04 00:00:00+00:00,Switzerland,1317,605682,11,1751.0,9.857142857142858,575.3181728050404,3.338091840930862,2326.3181728050404,1175.6818271949596,13.195234698073719,6.5190510162119955
2021-04-05 00:00:00+00:00,Switzerland,1021,606703,10,1754.7142857142858,10.0,569.6802360871433,3.3166247896969154,2324.394521801429,1185.0340496271424,13.316624789696915,6.683375210303085
2021-04-06 00:00:00+00:00,Switzerland,1287,607990,15,1577.0,11.428571428571429,472.98238158835557,2.935821454836837,2049.9823815883556,1104.0176184116444,14.364392883408266,8.492749973734592
2021-04-07 00:00:00+00:00,Switzerland,2689,610679,11,1662.142857142857,11.285714285714286,613.9784003938333,2.927700218099725,2276.1212575366903,1048.1644567490239,14.213414503814011,8.358014067614562
2021-04-08 00:00:00+00:00,Switzerland,2388,613067,11,1698.7142857142858,10.857142857142858,653.0131989898421,2.672612418307148,2351.727484704128,1045.7010867244437,13.529755275450006,8.18453043883571
2021-04-09 00:00:00+00:00,Switzerland,2490,615557,5,1770.7142857142858,9.857142857142858,714.8274183710193,3.3876526492281536,2485.5417040853054,1055.8868673432664,13.24479550637101,6.4694902079147045
2021-04-10 00:00:00+00:00,Switzerland,2415,617972,8,1943.857142857143,10.142857142857142,701.0497910160292,3.0783421628894083,2644.906933873172,1242.8073518411138,13.22119930574655,7.0645149799677345
2021-04-11 00:00:00+00:00,Switzerland,1682,619654,5,1996.0,9.285714285714286,658.9653506013524,3.592319849400069,2654.9653506013524,1337.0346493986476,12.878034135114355,5.693394436314217
2021-04-12 00:00:00+00:00,Switzerland,1179,620833,7,2018.5714285714287,8.857142857142858,621.6523296887563,3.6709931179208364,2640.2237582601847,1396.9190988826724,12.528135975063694,5.186149739222021
2021-04-13 00:00:00+00:00,Switzerland,2744,623577,3,2226.714285714286,7.142857142857143,578.287043536191,3.078342162889219,2805.001329250477,1648.4272421780947,10.221199305746362,4.0645149799679245
2021-04-14 00:00:00+00:00,Switzerland,2376,625953,9,2182.0,6.857142857142857,547.8865453965559,2.734262326811633,2729.886545396556,1634.113454603444,9.591405183954489,4.122880530331224
2021-04-15 00:00:00+00:00,Switzerland,2211,628164,6,2156.714285714286,6.142857142857143,540.833835900763,2.0354009773230812,2697.548121615049,1615.8804498135228,8.178258120180224,4.107456165534062
2021-04-16 00:00:00+00:00,Switzerland,2147,630311,4,2107.714285714286,6.0,520.7711314852685,2.1602468984579573,2628.4854171995544,1586.9431542290172,8.160246898457958,3.8397531015420427
2021-04-17 00:00:00+00:00,Switzerland,2117,632428,7,2065.1428571428573,5.857142857142857,503.3538942106249,2.035400977323054,2568.496751353482,1561.7889629322324,7.892543834465911,3.8217418798198026
2021-04-18 00:00:00+00:00,Switzerland,1429,633857,8,2029.0,6.285714285714286,542.9742166621205,2.138089934277611,2571.9742166621204,1486.0257833378796,8.423804219991897,4.147624351436674
2021-04-19 00:00:00+00:00,Switzerland,1047,634904,6,2010.142857142857,6.142857142857143,578.5413924837001,2.1157009410172054,2588.684249626557,1431.601464659157,8.258558083874348,4.027156201839938
2021-04-20 00:00:00+00:00,Switzerland,2744,637648,8,2010.142857142857,6.857142857142857,578.5413924837001,1.676163418391745,2588.684249626557,1431.601464659157,8.533306275534603,5.180979438751112
2021-04-21 00:00:00+00:00,Switzerland,2388,640036,8,2011.857142857143,6.714285714285714,579.8225097536135,1.4960264816259348,2591.6796526107564,1432.0346331035294,8.21031219591165,5.218259232659779
2021-04-22 00:00:00+00:00,Switzerland,2308,642344,5,2025.7142857142858,6.571428571428571,586.4957272266186,1.6183471860754721,2612.2100129409046,1439.2185584876672,8.189775757504043,4.953081385353099
2021-04-23 00:00:00+00:00,Switzerland,2266,644610,6,2042.7142857142858,6.857142857142857,592.2932027763675,1.2149857907899038,2635.0074884906535,1450.4210829379183,8.072128647932761,5.6421570663529526
2021-04-24 00:00:00+00:00,Switzerland,2166,646776,10,2049.714285714286,7.285714285714286,593.6055688657437,1.7043362052109803,2643.3198545800296,1456.108716848542,8.990050490925267,5.581378080503305
2021-04-25 00:00:00+00:00,Switzerland,1454,648230,6,2053.285714285714,7.0,589.3082708185008,1.7320508063076405,2642.593985104215,1463.9774434672136,8.73205080630764,5.26794919369236
2021-04-26 00:00:00+00:00,Switzerland,1187,649417,9,2073.285714285714,7.428571428571429,550.5671966754826,1.8126539331448244,2623.852910961197,1522.7185176102316,9.241225361716253,5.615917495426604
2021-04-27 00:00:00+00:00,Switzerland,2440,651857,12,2029.857142857143,8.0,498.3581136930082,2.5166114775556183,2528.215256550151,1531.4990291641348,10.516611477555617,5.483388522444382
2021-04-28 00:00:00+00:00,Switzerland,2038,653895,11,1979.857142857143,8.428571428571429,473.3682246943701,2.7602622365780984,2453.225367551513,1506.4889181627727,11.188833665149527,5.66830919199333
2021-04-29 00:00:00+00:00,Switzerland,2006,655901,7,1936.7142857142858,8.714285714285714,451.745029179489,2.429971584276969,2388.4593148937747,1484.9692565347968,11.144257298562682,6.284314130008744
2021-04-30 00:00:00+00:00,Switzerland,1710,657611,8,1857.2857142857142,9.0,432.67567305663465,2.160246898458229,2289.9613873423486,1424.6100412290796,11.16024689845823,6.8397531015417705
2021-05-01 00:00:00+00:00,Switzerland,1678,659289,8,1787.5714285714287,8.714285714285714,413.5351081516914,2.1380899342778337,2201.10653672312,1374.0363204197372,10.852375648563548,6.57619578000788
2021-05-02 00:00:00+00:00,Switzerland,1158,660447,12,1745.2857142857142,9.571428571428571,465.23138120183415,2.0701966769720794,2210.5170954875484,1280.05433308388,11.64162524840065,7.501231894456492
2021-05-03 00:00:00+00:00,Switzerland,832,661279,8,1694.5714285714287,9.428571428571429,548.1857522841383,2.1491969697260225,2242.7571808555667,1146.3856762872904,11.57776839829745,7.279374458845407
2021-05-04 00:00:00+00:00,Switzerland,2016,663295,4,1634.0,8.285714285714286,469.931909918536,2.6276913632299665,2103.931909918536,1164.068090081464,10.913405648944252,5.65802292248432
2021-05-05 00:00:00+00:00,Switzerland,1733,665028,4,1590.4285714285713,7.285714285714286,439.37677719767765,2.751622896957292,2029.805348626249,1151.0517942308936,10.037337182671578,4.534091388756994
2021-05-06 00:00:00+00:00,Switzerland,1650,666678,10,1539.5714285714287,7.714285714285714,402.29668033338737,2.9277002180994907,1941.868108904816,1137.2747482380414,10.641985932385206,4.786585496186223
2021-05-07 00:00:00+00:00,Switzerland,1484,668162,4,1507.2857142857142,7.142857142857143,395.34824908537234,3.236694374175833,1902.6339633710866,1111.9374652003419,10.379551517032976,3.9061627686813103
2021-05-08 00:00:00+00:00,Switzerland,1570,669732,7,1491.857142857143,7.0,389.6418990347865,3.214550252984745,1881.4990418919294,1102.2152438223563,10.214550252984745,3.785449747015255
2021-05-09 00:00:00+00:00,Switzerland,1062,670794,5,1478.142857142857,6.0,404.74783443945586,2.3804761419298526,1882.890691582313,1073.3950227034013,8.380476141929853,3.6195238580701474
2021-05-10 00:00:00+00:00,Switzerland,779,671573,6,1470.5714285714287,5.714285714285714,419.0910231368626,2.214669704581783,1889.6624517082912,1051.4804054345661,7.928955418867497,3.4996160097039315
2021-05-11 00:00:00+00:00,Switzerland,1718,673291,6,1428.0,6.0,366.25719555106707,2.0816659984166295,1794.257195551067,1061.742804448933,8.081665998416629,3.9183340015833705
2021-05-12 00:00:00+00:00,Switzerland,1380,674671,4,1377.5714285714287,6.0,340.6718152032311,2.0816659984166295,1718.2432437746597,1036.8996133681976,8.081665998416629,3.9183340015833705
2021-05-13 00:00:00+00:00,Switzerland,1442,676113,0,1347.857142857143,4.571428571428571,321.4801333675891,2.299068133254058,1669.337276224732,1026.3770094895538,6.87049670468263,2.272360438174513
2021-05-14 00:00:00+00:00,Switzerland,672,676785,5,1231.857142857143,4.714285714285714,400.8642448718298,2.288688540130637,1632.7213877289728,830.9928979853131,7.002974254416351,2.4255971741550773
2021-05-15 00:00:00+00:00,Switzerland,1168,677953,3,1174.4285714285713,4.142857142857143,372.1119262718972,2.1157009410170247,1546.5404977004684,802.3166451566742,6.258558083874168,2.0271562018401186
2021-05-16 00:00:00+00:00,Switzerland,802,678755,3,1137.2857142857142,3.857142857142857,397.3263621441687,2.1157009410169985,1534.612076429883,739.9593521415455,5.972843798159856,1.7414419161258587
2021-05-17 00:00:00+00:00,Switzerland,653,679408,9,1119.2857142857142,4.285714285714286,418.5501619336824,2.811540840961021,1537.8358762193966,700.7355523520318,7.097255126675307,1.4741734447532644
2021-05-18 00:00:00+00:00,Switzerland,1670,681078,1,1112.4285714285713,3.5714285714285716,407.34991388292116,2.9358214548363195,1519.7784853114924,705.0786575456502,6.507250026264892,0.6356071165922521
2021-05-19 00:00:00+00:00,Switzerland,1342,682420,3,1107.0,3.4285714285714284,403.42409442108027,2.93582145483631,1510.4240944210803,703.5759055789197,6.364392883407739,0.4927499737351182
2021-05-20 00:00:00+00:00,Switzerland,1210,683630,5,1073.857142857143,4.142857142857143,380.17558594671937,2.5448360402627754,1454.0327288038623,693.6815569104235,6.687693183119919,1.5980211025943678
2021-05-21 00:00:00+00:00,Switzerland,1038,684668,3,1126.142857142857,3.857142857142857,338.5904253666259,2.5448360402627537,1464.733282509483,787.5524317762313,6.401978897405611,1.3123068168801035
2021-05-22 00:00:00+00:00,Switzerland,983,685651,10,1099.7142857142858,4.857142857142857,341.98182903194896,3.3876526492278685,1441.6961147462348,757.7324566823368,8.244795506370725,1.4694902079149883
2021-05-23 00:00:00+00:00,Switzerland,624,686275,5,1074.2857142857142,5.142857142857143,373.01774495953066,3.2877840265373335,1447.303459245245,701.2679693261836,8.430641169394477,1.8550731163198098
2021-05-24 00:00:00+00:00,Switzerland,469,686744,4,1048.0,4.428571428571429,412.08939154764875,2.819996621985726,1460.0893915476488,635.9106084523512,7.2485680505571555,1.6085748065857026
2021-05-25 00:00:00+00:00,Switzerland,580,687324,4,892.2857142857143,4.857142857142857,336.97611891836823,2.4102953771589757,1229.2618332040824,555.3095953673461,7.2674382343018324,2.446847479983881
2021-05-26 00:00:00+00:00,Switzerland,1144,688468,4,864.0,5.0,299.11926265739453,2.309401075812408,1163.1192626573945,564.8807373426055,7.309401075812408,2.690598924187592
2021-05-27 00:00:00+00:00,Switzerland,925,689393,1,823.2857142857143,4.428571428571429,261.1626020724603,2.7602622365778173,1084.4483163581747,562.123112213254,7.188833665149247,1.6683091919936115
2021-05-28 00:00:00+00:00,Switzerland,849,690242,3,796.2857142857143,4.428571428571429,244.50338386461502,2.7602622365778173,1040.7890981503294,551.7823304210993,7.188833665149247,1.6683091919936115
2021-05-29 00:00:00+00:00,Switzerland,749,690991,2,762.8571428571429,3.2857142857142856,230.30518046671278,1.3801311171013497,993.1623233238556,532.5519623904302,4.665845402815635,1.9055831686129359
2021-05-30 00:00:00+00:00,Switzerland,497,691488,4,744.7142857142857,3.142857142857143,247.43262663041497,1.2149857907893145,992.1469123447007,497.2816590838707,4.357842933646458,1.9278713520678283
2021-05-31 00:00:00+00:00,Switzerland,357,691845,0,728.7142857142857,2.5714285714285716,270.75494096055417,1.6183471860749963,999.4692266748398,457.9593447537315,4.189775757503568,0.9530813853535753
2021-06-01 00:00:00+00:00,Switzerland,855,692700,2,768.0,2.2857142857142856,265.4800682273487,1.496026481625365,1033.4800682273487,502.5199317726513,3.7817407673396506,0.7896878040889206
2021-06-02 00:00:00+00:00,Switzerland,651,693351,1,697.5714285714286,1.8571428571428572,208.3545512028031,1.3451854166444026,905.9259797742317,489.21687736862543,3.20232827378726,0.5119574404984546
2021-06-03 00:00:00+00:00,Switzerland,548,693899,3,643.7142857142857,2.142857142857143,187.44484892322865,1.3451854166444432,831.1591346375143,456.26943679105705,3.488042559501586,0.7976717262126996
2021-06-04 00:00:00+00:00,Switzerland,471,694370,6,589.7142857142857,2.5714285714285716,172.28340427281466,1.988059593676757,761.9976899871003,417.430881441471,4.5594881651053285,0.5833689777518145
2021-06-05 00:00:00+00:00,Switzerland,485,694855,5,552.0,3.0,160.0656114199529,2.1602468984576904,712.0656114199529,391.9343885800471,5.16024689845769,0.8397531015423096
2021-06-06 00:00:00+00:00,Switzerland,313,695168,2,525.7142857142857,2.7142857142857144,183.93179366585173,2.1380899342772897,709.6460793801374,341.78249204843394,4.8523756485630045,0.5761957800084248
2021-06-07 00:00:00+00:00,Switzerland,187,695355,5,501.42857142857144,3.4285714285714284,217.99071617886668,1.9023794612740086,719.4192876074382,283.43785524970474,5.330950889845437,1.5261919672974198
2021-06-08 00:00:00+00:00,Switzerland,583,695938,2,462.57142857142856,3.4285714285714284,161.34420454469208,1.9023794612740086,623.9156331161206,301.2272240267365,5.330950889845437,1.5261919672974198
2021-06-09 00:00:00+00:00,Switzerland,414,696352,1,428.7142857142857,3.4285714285714284,138.45662878472595,1.9023794612740086,567.1709144990117,290.25765692955974,5.330950889845437,1.5261919672974198
2021-06-10 00:00:00+00:00,Switzerland,372,696724,2,403.57142857142856,3.2857142857142856,128.83045320679742,1.9760470390128415,532.401881778226,274.74097536463114,5.261761324727127,1.309667246701444
2021-06-11 00:00:00+00:00,Switzerland,207,696931,1,365.85714285714283,2.5714285714285716,143.59715462470226,1.7182493846965847,509.45429748184506,222.25998823244058,4.289677956125156,0.8531791867319869
2021-06-12 00:00:00+00:00,Switzerland,3,696934,0,297.0,1.8571428571428572,186.19076228196673,1.5735915835500143,483.1907622819667,110.80923771803327,3.4307344406928717,0.28355127359284293
