Date_reported,Country,New_cases,Cumulative_cases,New_deaths,MA,MA_deaths,MSTD_cases,MSTD_deaths,OTG_cases,UTG_cases,OTG_deaths,UTG_deaths
2021-04-02 00:00:00+00:00,Czechia,6248,1545865,179,6079.714285714285,160.85714285714286,2401.245143272122,34.445263687087824,8480.959428986407,3678.4691424421635,195.30240654423068,126.41187917005504
2021-04-03 00:00:00+00:00,Czechia,3869,1549734,102,5530.428571428572,155.57142857142858,2404.864296734214,40.6401162352653,7935.292868162785,3125.5642746943577,196.2115448066939,114.93131233616327
2021-04-04 00:00:00+00:00,Czechia,2162,1551896,78,5266.714285714285,153.0,2684.5837488807347,45.335784247437076,7951.29803459502,2582.1305368335507,198.33578424743706,107.66421575256292
2021-04-05 00:00:00+00:00,Czechia,1924,1553820,112,5292.571428571428,145.85714285714286,2645.576046731648,47.5654936952517,7938.147475303076,2646.9953818397803,193.42263655239458,98.29164916189116
2021-04-06 00:00:00+00:00,Czechia,1425,1555245,112,4511.0,135.28571428571428,2889.7976861121656,45.32738056151361,7400.797686112166,1621.2023138878344,180.6130948472279,89.95833372420067
2021-04-07 00:00:00+00:00,Czechia,5532,1560777,160,4063.5714285714284,129.71428571428572,2327.347192056542,37.99436048373875,6390.91862062797,1736.2242365148863,167.70864619802447,91.71992523054698
2021-04-08 00:00:00+00:00,Czechia,7071,1567848,137,4033.0,125.71428571428571,2278.8795492505774,35.017682608004776,6311.879549250578,1754.1204507494226,160.73196832229047,90.69660310628093
2021-04-09 00:00:00+00:00,Czechia,5305,1573153,151,3898.285714285714,121.71428571428571,2150.367233308706,28.998357917330967,6048.652947594421,1747.9184809770081,150.7126436316167,92.71592779695474
2021-04-10 00:00:00+00:00,Czechia,4819,1577972,117,4034.0,123.85714285714286,2178.0114783886047,27.829412327123574,6212.011478388605,1855.9885216113953,151.68655518426644,96.02773053001928
2021-04-11 00:00:00+00:00,Czechia,2217,1580189,74,4041.8571428571427,123.28571428571429,2170.217994315239,28.946584632761596,6212.075137172382,1871.6391485419035,152.2322989184759,94.33912965295269
2021-04-12 00:00:00+00:00,Czechia,995,1581184,110,3909.1428571428573,123.0,2342.854557197902,29.086079144444138,6251.99741434076,1566.2882999449553,152.08607914444414,93.91392085555586
2021-04-13 00:00:00+00:00,Czechia,3853,1585037,120,4256.0,124.14285714285714,2078.614201816329,28.73690177813869,6334.614201816329,2177.385798183671,152.87975892099584,95.40595536471845
2021-04-14 00:00:00+00:00,Czechia,5087,1590124,86,4192.428571428572,113.57142857142857,2039.5227266136267,26.90016817077408,6231.951298042199,2152.905844814945,140.47159674220265,86.67126040065449
2021-04-15 00:00:00+00:00,Czechia,3723,1593847,105,3714.1428571428573,109.0,1596.3921227305946,24.899799195914905,5310.534979873451,2117.750734412263,133.8997991959149,84.10020080408509
2021-04-16 00:00:00+00:00,Czechia,3256,1597103,88,3421.4285714285716,100.0,1435.8565222101438,17.4642491964841,4857.285093638715,1985.5720492184278,117.4642491964841,82.5357508035159
2021-04-17 00:00:00+00:00,Czechia,3238,1600341,79,3195.5714285714284,94.57142857142857,1297.0134742451164,17.2032665778707,4492.584902816545,1898.557954326312,111.77469514929928,77.36816199355786
2021-04-18 00:00:00+00:00,Czechia,6,1600347,30,2879.714285714286,88.28571428571429,1761.1959681102053,29.56751756970823,4640.9102538244915,1118.5183176040805,117.85323185542252,58.71819671600606
2021-04-19 00:00:00+00:00,Czechia,2364,1602711,106,3075.285714285714,87.71428571428571,1584.137169383067,29.113080025451424,4659.422883668782,1491.1485449026472,116.82736573973713,58.601205688834284
2021-04-20 00:00:00+00:00,Czechia,3319,1606030,108,2999.0,86.0,1552.9951706275253,27.18455443807958,4551.995170627525,1446.0048293724747,113.18455443807957,58.81544556192042
2021-04-21 00:00:00+00:00,Czechia,3831,1609861,71,2819.5714285714284,83.85714285714286,1327.772678475757,27.769459071789136,4147.344107047185,1491.7987500956715,111.62660192893199,56.087683785353725
2021-04-22 00:00:00+00:00,Czechia,2971,1612832,76,2712.1428571428573,79.71428571428571,1271.7339119680394,26.208868001149565,3983.876769110897,1440.408945174818,105.92315371543528,53.50541771313614
2021-04-23 00:00:00+00:00,Czechia,2629,1615461,76,2622.5714285714284,78.0,1248.9204481097534,25.967928938023825,3871.4918766811816,1373.650980461675,103.96792893802382,52.032071061976175
2021-04-24 00:00:00+00:00,Czechia,2607,1618068,57,2532.4285714285716,74.85714285714286,1219.5233846493713,27.13195269677033,3751.9519560779427,1312.9051867792002,101.98909555391319,47.725190160372534
2021-04-25 00:00:00+00:00,Czechia,8,1618076,26,2532.714285714286,74.28571428571429,1218.8328726371572,28.253107709330344,3751.5471583514427,1313.8814130771286,102.53882199504463,46.03260657638395
2021-04-26 00:00:00+00:00,Czechia,2130,1620206,56,2499.285714285714,67.14285714285714,1227.4101072668993,25.036164318969853,3726.695821552614,1271.875607018815,92.17902146182699,42.106692823887286
2021-04-27 00:00:00+00:00,Czechia,2571,1622777,73,2392.4285714285716,62.142857142857146,1175.6200997941378,18.03171808618909,3568.0486712227093,1216.8084716344338,80.17457522904624,44.11113905666805
2021-04-28 00:00:00+00:00,Czechia,3256,1626033,66,2310.285714285714,61.42857142857143,1074.0524062730474,17.71870144647523,3384.3381205587616,1236.2333080126668,79.14727287504667,43.7098699820962
2021-04-29 00:00:00+00:00,Czechia,2503,1628536,72,2243.4285714285716,60.857142857142854,1040.0991710921758,17.228160778401943,3283.5277425207473,1203.3294003363958,78.08530363554479,43.62898207874091
2021-04-30 00:00:00+00:00,Czechia,2222,1630758,54,2185.285714285714,57.714285714285715,1026.23644355849,15.965737123656679,3211.5221578442042,1159.0492707272242,73.68002283794239,41.748548590629035
2021-05-01 00:00:00+00:00,Czechia,2174,1632932,49,2123.4285714285716,56.57142857142857,1009.4939090322864,16.30804650929502,3132.922480460858,1113.9346623962851,72.8794750807236,40.263382062133545
2021-05-02 00:00:00+00:00,Czechia,1182,1634114,27,2291.1428571428573,56.714285714285715,623.0062676379423,15.997023532573497,2914.1491247808,1668.136589504915,72.71130924685922,40.717262181712215
2021-05-03 00:00:00+00:00,Czechia,505,1634619,22,2059.0,51.857142857142854,923.3930185240705,20.71576349401131,2982.3930185240706,1135.6069814759294,72.57290635115416,31.141379363131545
2021-05-04 00:00:00+00:00,Czechia,2217,1636836,56,2008.4285714285713,49.42857142857143,900.07830346769,18.72482436809502,2908.5068748962613,1108.3502679608814,68.15339579666644,30.70374706047641
2021-05-05 00:00:00+00:00,Czechia,2412,1639248,58,1887.857142857143,48.285714285714285,748.9457987839446,17.764330231348083,2636.8029416410873,1138.9113440731983,66.05004451706236,30.5213840543662
2021-05-06 00:00:00+00:00,Czechia,1872,1641120,42,1797.7142857142858,44.0,698.8668719822163,14.38749456983266,2496.581157696502,1098.8474137320695,58.38749456983266,29.61250543016734
2021-05-07 00:00:00+00:00,Czechia,1576,1642696,87,1705.4285714285713,48.714285714285715,675.7726089742857,21.738708070361195,2381.201180402857,1029.6559624542856,70.4529937846469,26.97557764392452
2021-05-08 00:00:00+00:00,Czechia,1639,1644335,39,1629.0,47.285714285714285,643.4252093229535,22.043247535282138,2272.4252093229534,985.5747906770465,69.32896182099643,25.242466750432147
2021-05-09 00:00:00+00:00,Czechia,726,1645061,20,1563.857142857143,46.285714285714285,715.2937458481118,23.24302250644388,2279.1508887052546,848.5633970090311,69.52873679215816,23.042691779270406
2021-05-10 00:00:00+00:00,Czechia,387,1645448,44,1547.0,49.42857142857143,745.1729105777702,20.767419538369996,2292.1729105777704,801.8270894222298,70.19599096694142,28.661151890201435
2021-05-11 00:00:00+00:00,Czechia,1533,1646981,38,1449.2857142857142,46.857142857142854,685.0979769985512,20.931862247297012,2134.3836912842653,764.187737287163,67.78900510443987,25.925280609845842
2021-05-12 00:00:00+00:00,Czechia,1686,1648667,38,1345.5714285714287,44.0,558.2821440572964,20.518284528609218,1903.853572628725,787.2892845141323,64.51828452860921,23.481715471390782
2021-05-13 00:00:00+00:00,Czechia,1280,1649947,38,1261.0,43.42857142857143,507.80245502122636,20.6386138330399,1768.8024550212263,753.1975449787736,64.06718526161133,22.78995759553153
2021-05-14 00:00:00+00:00,Czechia,1231,1651178,32,1211.7142857142858,35.57142857142857,488.5098819411449,7.6997217016389135,1700.2241676554306,723.2044037731409,43.271150273067484,27.871706869789655
2021-05-15 00:00:00+00:00,Czechia,1060,1652238,29,1129.0,34.142857142857146,451.7381247200329,7.8830740919919,1580.7381247200328,677.2618752799672,42.02593123484905,26.259783050865245
2021-05-16 00:00:00+00:00,Czechia,602,1652840,15,1111.2857142857142,33.42857142857143,472.145356947916,9.449111825070755,1583.4310712336303,639.1403573377982,42.87768325364219,23.979459603500676
2021-05-17 00:00:00+00:00,Czechia,259,1653099,12,1093.0,28.857142857142858,506.12712499815876,11.081945849286004,1599.1271249981587,586.8728750018413,39.93908870642886,17.775197007856853
2021-05-18 00:00:00+00:00,Czechia,1120,1654219,20,1034.0,26.285714285714285,468.9971570548833,10.688222267294126,1502.9971570548832,565.0028429451168,36.973936553008414,15.597492018420159
2021-05-19 00:00:00+00:00,Czechia,1195,1655414,15,963.8571428571429,23.0,384.3017167747658,9.999999999849544,1348.1588596319086,579.5554260823772,32.99999999984954,13.000000000150456
2021-05-20 00:00:00+00:00,Czechia,788,1656202,19,893.5714285714286,20.285714285714285,361.1384116556537,7.521398046136297,1254.7098402270822,532.4330169157748,27.807112331850583,12.764316239577987
2021-05-21 00:00:00+00:00,Czechia,672,1656874,23,813.7142857142857,19.0,334.9431365980099,5.744562646276562,1148.6574223122957,478.77114911627575,24.744562646276563,13.255437353723437
2021-05-22 00:00:00+00:00,Czechia,684,1657558,22,760.0,18.0,318.61523293601306,4.082482904270869,1078.615232936013,441.38476706398694,22.08248290427087,13.917517095729131
2021-05-23 00:00:00+00:00,Czechia,335,1657893,8,721.8571428571429,17.0,354.62911543753575,5.537749241674381,1076.4862582946787,367.22802741960714,22.53774924167438,11.46225075832562
2021-05-24 00:00:00+00:00,Czechia,199,1658092,8,713.2857142857143,16.428571428571427,368.14839139596523,6.294366339517176,1081.4341056816795,345.1373228897491,22.722937768088602,10.134205089054252
2021-05-25 00:00:00+00:00,Czechia,686,1658778,13,651.2857142857143,15.428571428571429,321.8745688733903,6.187545093388394,973.1602831591047,329.41114541232406,21.616116521959825,9.241026335183035
2021-05-26 00:00:00+00:00,Czechia,655,1659433,13,574.1428571428571,15.142857142857142,217.69659968863755,6.256425268462655,791.8394568314947,356.44625745421956,21.399282411319795,8.886431874394487
2021-05-27 00:00:00+00:00,Czechia,547,1659980,5,539.7142857142857,13.142857142857142,196.23770811803774,7.01019665486358,735.9519938323234,343.4765775962479,20.153053797720723,6.1326604879935624
2021-05-28 00:00:00+00:00,Czechia,501,1660481,29,515.2857142857143,14.0,187.47329966535992,8.60232526686839,702.7590139510743,327.8124146203544,22.60232526686839,5.397674733131611
2021-05-29 00:00:00+00:00,Czechia,454,1660935,13,482.42857142857144,12.714285714285714,172.5358485642785,7.8467463683002086,654.9644199928499,309.892722864293,20.56103208258592,4.867539345985505
2021-05-30 00:00:00+00:00,Czechia,224,1661159,3,466.57142857142856,12.0,192.31125562429807,8.544003745142252,658.8826841957266,274.2601729471305,20.544003745142252,3.455996254857748
2021-05-31 00:00:00+00:00,Czechia,113,1661272,4,454.2857142857143,11.428571428571429,213.80030734483364,8.978811035769334,668.086021630548,240.48540694088064,20.407382464340763,2.4497603928020943
2021-06-01 00:00:00+00:00,Czechia,508,1661780,11,428.85714285714283,11.142857142857142,191.0195701561692,8.95225430491466,619.876713013312,237.83757270097362,20.095111447771803,2.190602837942482
2021-06-02 00:00:00+00:00,Czechia,476,1662256,7,403.2857142857143,10.285714285714286,166.049906415934,9.031690238733589,569.3356207016483,237.23580786978027,19.317404524447873,1.2540240469806978
2021-06-03 00:00:00+00:00,Czechia,352,1662608,10,375.42857142857144,11.0,153.82875448514838,8.736894947882769,529.2573259137198,221.59981694342306,19.736894947882767,2.263105052117231
2021-06-04 00:00:00+00:00,Czechia,432,1663040,6,365.57142857142856,7.714285714285714,146.47622915152857,3.728908942542328,512.0476577229572,219.09519941989998,11.443194656828043,3.9853767717433866
2021-06-05 00:00:00+00:00,Czechia,323,1663363,15,346.85714285714283,8.0,141.58204752947952,4.2426406867668955,488.4391903866224,205.2750953276633,12.242640686766896,3.7573593132331045
2021-06-06 00:00:00+00:00,Czechia,154,1663517,2,336.85714285714283,7.857142857142857,153.66243148312313,4.450789121777605,490.519574340266,183.1947113740197,12.307931978920461,3.4063537353652515
2021-06-07 00:00:00+00:00,Czechia,90,1663607,5,333.57142857142856,8.0,159.38617372003984,4.320493798592534,492.9576022914684,174.18525485138872,12.320493798592533,3.6795062014074658
2021-06-08 00:00:00+00:00,Czechia,391,1663998,29,316.85714285714283,10.571428571428571,143.37646081547092,9.10781976926353,460.23360367261375,173.4806820416719,19.6792483406921,1.4636088021650409
2021-06-09 00:00:00+00:00,Czechia,384,1664382,9,303.7142857142857,10.857142857142858,129.944493614508,9.007933011510655,433.6587793287937,173.76979209977773,19.865075868653513,1.8492098456322026
2021-06-10 00:00:00+00:00,Czechia,267,1664649,9,291.57142857142856,10.714285714285714,128.64532265021285,9.031690238733557,420.2167512216414,162.9261059212157,19.74597595301927,1.6825954755521568
2021-06-11 00:00:00+00:00,Czechia,190,1664839,8,257.0,11.0,116.56757693353246,8.888194417147169,373.56757693353245,140.43242306646755,19.88819441714717,2.1118055828528313
2021-06-12 00:00:00+00:00,Czechia,183,1665022,5,237.0,9.571428571428571,115.36030509734746,8.941609527897583,352.36030509734746,121.63969490265254,18.513038099326153,0.629819043530988
2021-06-13 00:00:00+00:00,Czechia,75,1665097,1,225.71428571428572,9.428571428571429,128.00483618750548,9.089502055451426,353.7191219017912,97.70944952678025,18.518073484022857,0.33906937312000274
2021-06-14 00:00:00+00:00,Czechia,42,1665139,1,218.85714285714286,8.857142857142858,137.42565086606243,9.529403119111533,356.28279372320526,81.43149199108043,18.38654597625439,-0.6722602619686757
