,Date_reported,Country,New_cases,Cumulative_cases,New_deaths,MA,MSTD_cases,OTG_cases,UTG_cases,MA_d,MSTD_deaths,OTG_deaths,UTG_deaths
52042,2021-10-02 00:00:00+00:00,France,4124,6803078,21,4124.0,,,,21.0,,,
52043,2021-10-03 00:00:00+00:00,France,4948,6808026,30,4536.0,582.6559876977152,5118.655987697715,3953.3440123022847,25.5,6.363961030678928,31.86396103067893,19.13603896932107
52044,2021-10-04 00:00:00+00:00,France,3744,6811770,9,4272.0,615.4932980951133,4887.4932980951135,3656.5067019048865,20.0,10.535653752852738,30.53565375285274,9.464346247147262
52045,2021-10-05 00:00:00+00:00,France,1138,6812908,40,3488.5,1645.6134621066597,5134.113462106659,1842.8865378933403,25.0,13.19090595827292,38.19090595827292,11.80909404172708
52046,2021-10-06 00:00:00+00:00,France,3875,6816783,54,3565.8,1435.5867093282802,5001.386709328281,2130.2132906717197,30.8,17.28293956478469,48.082939564784695,13.51706043521531
52047,2021-10-07 00:00:00+00:00,France,4632,6821415,34,3743.5,1355.7990632833466,5099.299063283346,2387.7009367166534,31.333333333333332,15.513435037626794,46.84676837096013,15.819898295706539
52048,2021-10-08 00:00:00+00:00,France,4281,6825696,33,3820.285714285714,1254.2321308654305,5074.517845151145,2566.0535834202838,31.571428571428573,14.175767384955952,45.74719595638452,17.395661186472623
52049,2021-10-09 00:00:00+00:00,France,4189,6829885,31,3829.5714285714284,1257.09279121085,5086.664219782278,2572.4786373605784,33.0,13.416407864998737,46.41640786499874,19.58359213500126
52050,2021-10-10 00:00:00+00:00,France,4734,6834619,15,3799.0,1227.616932651767,5026.616932651767,2571.383067348233,30.857142857142858,15.071259308460494,45.92840216560335,15.785883548682364
52051,2021-10-11 00:00:00+00:00,France,3991,6838610,8,3834.285714285714,1229.3211831854894,5063.606897471203,2604.964531100225,30.714285714285715,15.315724879072116,46.03001059335783,15.3985608352136
52052,2021-10-12 00:00:00+00:00,France,635,6839245,28,3762.4285714285716,1414.0197850033614,5176.448356431933,2348.40878642521,29.0,14.7648230602334,43.7648230602334,14.2351769397666
52053,2021-10-13 00:00:00+00:00,France,5291,6844536,32,3964.714285714286,1529.3862292093643,5494.10051492365,2435.3280565049217,25.857142857142858,10.188695883650851,36.04583874079371,15.668446973492006
52054,2021-10-14 00:00:00+00:00,France,5492,6850028,24,4087.5714285714284,1623.566429925475,5711.137858496903,2464.0049986459535,24.428571428571427,9.536895771286428,33.965467199857855,14.891675657284999
52055,2021-10-15 00:00:00+00:00,France,4760,6854788,34,4156.0,1643.0548783693544,5799.054878369354,2512.9451216306456,24.571428571428573,9.692903638868023,34.264332210296594,14.87852493256055
52056,2021-10-16 00:00:00+00:00,France,5708,6860496,25,4373.0,1745.2682697320013,6118.2682697320015,2627.7317302679985,23.714285714285715,9.286446857549729,33.00073257183544,14.427838856735987
52057,2021-10-17 00:00:00+00:00,France,4837,6865333,13,4387.714285714285,1749.2487639255996,6136.963049639885,2638.4655217886857,23.428571428571427,9.623879031817037,33.052450460388464,13.80469239675439
52058,2021-10-18 00:00:00+00:00,France,3778,6869111,5,4357.285714285715,1759.1245658267746,6116.410280112489,2598.1611484589403,23.0,10.456258094238748,33.45625809423875,12.543741905761252
52059,2021-10-19 00:00:00+00:00,France,757,6869868,38,4374.714285714285,1716.179644276371,6090.893929990656,2658.5346414379146,24.428571428571427,11.844227044670932,36.27279847324236,12.584344383900495
52060,2021-10-20 00:00:00+00:00,France,5689,6875557,36,4431.571428571428,1757.6866289854645,6189.258057556893,2673.884799585964,25.0,12.355835328567093,37.355835328567096,12.644164671432907
52061,2021-10-21 00:00:00+00:00,France,5796,6881353,26,4475.0,1791.6811472283048,6266.681147228304,2683.318852771695,25.285714285714285,12.351980754981307,37.63769504069559,12.933733530732978
52062,2021-10-22 00:00:00+00:00,France,5498,6886851,31,4580.428571428572,1832.4949165134456,6412.923487942017,2747.9336549151258,24.857142857142858,12.047524938461724,36.90466779560458,12.809617918681134
52063,2021-10-23 00:00:00+00:00,France,6058,6892909,23,4630.428571428572,1872.7219812475155,6503.150552676087,2757.706590181056,24.571428571428573,12.067271755415456,36.63870032684403,12.504156816013117
52064,2021-10-24 00:00:00+00:00,France,6169,6899078,22,4820.714285714285,1962.7190081012373,6783.433293815522,2857.995277613048,25.857142857142858,11.066896153673373,36.92403901081623,14.790246703469485
52065,2021-10-25 00:00:00+00:00,France,4993,6904071,4,4994.285714285715,1908.1026976454662,6902.388411931181,3086.1830166402488,25.714285714285715,11.382944635349352,37.09723034963507,14.331341078936363
52066,2021-10-26 00:00:00+00:00,France,1011,6905082,38,5030.571428571428,1814.1983406032593,6844.769769174688,3216.373087968169,25.714285714285715,11.382944635349352,37.09723034963507,14.331341078936363
52067,2021-10-27 00:00:00+00:00,France,6251,6911333,36,5110.857142857143,1860.0488728858202,6970.906015742963,3250.808269971323,25.714285714285715,11.382944635349352,37.09723034963507,14.331341078936363
52068,2021-10-28 00:00:00+00:00,France,6437,6917770,31,5202.428571428572,1914.3853545496752,7116.8139259782465,3288.0432168788966,26.428571428571427,11.559370554621372,37.9879419831928,14.869200873950055
52069,2021-10-29 00:00:00+00:00,France,6126,6923896,23,5292.142857142857,1945.0153751381529,7237.15823228101,3347.127482004704,25.285714285714285,11.426785574754984,36.712499860469265,13.858928710959301
52070,2021-10-30 00:00:00+00:00,France,6062,6929958,21,5292.714285714285,1945.2784474453103,7237.992733159595,3347.435838268975,25.0,11.518101695447331,36.51810169544733,13.481898304552669
52071,2021-10-31 00:00:00+00:00,France,7285,6937243,20,5452.142857142857,2070.7507840210537,7522.893641163911,3381.392073121803,24.714285714285715,11.62919151265879,36.34347722694451,13.085094201626925
52072,2021-11-01 00:00:00+00:00,France,6329,6943572,12,5643.0,2082.9119840582157,7725.911984058215,3560.0880159417843,25.857142857142858,9.441549509633319,35.29869236677618,16.41559334750954
52073,2021-11-02 00:00:00+00:00,France,1834,6945406,6,5760.571428571428,1778.9242870475455,7539.495715618974,3981.647141523883,21.285714285714285,10.291003930849604,31.57671821656389,10.994710354864681
52074,2021-11-03 00:00:00+00:00,France,1859,6947265,84,5133.142857142857,2280.844246368102,7413.987103510959,2852.2986107747547,28.142857142857142,25.893554998805985,54.03641214166313,2.249302144051157
52075,2021-11-04 00:00:00+00:00,France,9592,6956857,33,5583.857142857143,2827.627475969411,8411.484618826555,2756.229666887732,28.428571428571427,25.941325736214424,54.369897164785854,2.4872456923570034
52076,2021-11-05 00:00:00+00:00,France,9283,6966140,47,6034.857142857143,3160.6643515022506,9195.521494359393,2874.1927913548925,31.857142857142858,26.67975869099126,58.53690154813412,5.177384166151597
52077,2021-11-06 00:00:00+00:00,France,8451,6974591,10,6376.142857142857,3290.402023490515,9666.544880633372,3085.7408336523417,30.285714285714285,27.7291320077777,58.014846293491985,2.5565822779365845
52078,2021-11-07 00:00:00+00:00,France,9537,6984128,25,6697.857142857143,3497.6413208795166,10195.49846373666,3200.2158219776265,31.0,27.483328279765047,58.48332827976505,3.516671720234953
52079,2021-11-08 00:00:00+00:00,France,8489,6992617,8,7006.428571428572,3554.494612793913,10560.923184222484,3451.9339586346587,30.428571428571427,27.981286263365035,58.409857691936466,2.4472851652063916
52080,2021-11-09 00:00:00+00:00,France,1958,6994575,54,7024.142857142857,3524.6042060809905,10548.747063223847,3499.5386510618664,37.285714285714285,26.8558763632486,64.14159064896289,10.429837922465683
52081,2021-11-10 00:00:00+00:00,France,11500,7006075,42,8401.42857142857,3016.9850765923507,11418.413648020922,5384.4434948362195,31.285714285714285,17.867235243262876,49.15294952897716,13.418479042451409
52082,2021-11-11 00:00:00+00:00,France,11822,7017897,31,8720.0,3270.7192888822888,11990.719288882288,5449.280711117712,31.0,17.85123711866117,48.851237118661174,13.148762881338829
52083,2021-11-12 00:00:00+00:00,France,12504,7030401,17,9180.142857142857,3575.4998451764955,12755.642702319352,5604.643011966362,26.714285714285715,16.948100048031783,43.6623857623175,9.766185666253932
52084,2021-11-13 00:00:00+00:00,France,3600,7034001,44,8487.142857142857,4162.327010562378,12649.469867705235,4324.815846580479,31.571428571428573,16.215806515630998,47.78723508705957,15.355622055797575
52085,2021-11-14 00:00:00+00:00,France,14645,7048646,16,9216.857142857143,4779.111159639466,13995.968302496609,4437.745983217677,30.285714285714285,17.153369792495436,47.43908407820972,13.132344493218849
52086,2021-11-15 00:00:00+00:00,France,12475,7061121,17,9786.285714285714,4913.508546659427,14699.794260945142,4872.777167626286,31.571428571428573,15.458084646953537,47.02951321838211,16.113343924475036
52087,2021-11-16 00:00:00+00:00,France,3162,7064283,75,9958.285714285714,4605.203821558307,14563.48953584402,5353.081892727407,34.57142857142857,21.423173923403148,55.99460249483172,13.148254648025421
52088,2021-11-17 00:00:00+00:00,France,18413,7082696,44,10945.857142857143,5620.285325751455,16566.1424686086,5325.571817105688,34.857142857142854,21.551709688008284,56.408852545151134,13.30543316913457
52089,2021-11-18 00:00:00+00:00,France,20201,7102897,56,12142.857142857143,6638.097403839231,18780.954546696375,5504.759739017912,38.42857142857143,22.83898087960685,61.26755230817828,15.58959054896458
52090,2021-11-19 00:00:00+00:00,France,19840,7122737,49,13190.857142857143,7255.038236255121,20445.895379112262,5935.818906602022,43.0,20.96027989634998,63.96027989634998,22.03972010365002
52091,2021-11-20 00:00:00+00:00,France,20847,7143584,49,15654.714285714286,6323.913838604637,21978.628124318922,9330.80044710965,43.714285714285715,21.084862545708674,64.79914825999438,22.62942316857704
52092,2021-11-21 00:00:00+00:00,France,22568,7166152,22,16786.571428571428,6803.891162590783,23590.46259116221,9982.680265980645,44.57142857142857,19.856628975878916,64.42805754730749,24.714799595549653
52093,2021-11-22 00:00:00+00:00,France,19749,7185901,15,17825.714285714286,6587.680667080682,24413.394952794966,11238.033618633604,44.285714285714285,20.328258539237815,64.6139728249521,23.95745574647647
52094,2021-11-23 00:00:00+00:00,France,5201,7191102,96,18117.0,5833.097833341503,23950.097833341504,12283.902166658496,47.285714285714285,26.291407251003037,73.57712153671733,20.994307034711248
52095,2021-11-24 00:00:00+00:00,France,28255,7219357,82,19523.0,6988.129911976927,26511.12991197693,12534.870088023072,52.714285714285715,29.255850045841463,81.97013576012718,23.458435668444253
52096,2021-11-25 00:00:00+00:00,France,32451,7251808,76,21273.0,8546.341888004872,29819.34188800487,12726.658111995128,55.57142857142857,30.57699103823627,86.14841960966484,24.9944375331923
52097,2021-11-26 00:00:00+00:00,France,33320,7285128,72,23198.714285714286,9620.792148852846,32819.506434567134,13577.92213686144,58.857142857142854,30.986172031131197,89.84331488827405,27.870970826011657
52098,2021-11-27 00:00:00+00:00,France,34251,7319379,58,25113.571428571428,10378.772918110999,35492.344346682425,14734.798510460429,60.142857142857146,30.694345686833877,90.83720282969102,29.44851145602327
52099,2021-11-28 00:00:00+00:00,France,37137,7356516,32,27194.85714285714,11210.666147744767,38405.52329060191,15984.190995112374,61.57142857142857,28.797321303998302,90.36874987542687,32.77410726743027
52100,2021-11-29 00:00:00+00:00,France,31642,7388158,23,28893.85714285714,10787.371450428682,39681.22859328582,18106.48569242846,62.714285714285715,26.72523330558773,89.43951901987344,35.98905240869799
52101,2021-11-30 00:00:00+00:00,France,5981,7394139,118,29005.285714285714,10502.102372291714,39507.388086577426,18503.183341994,65.85714285714286,32.054269457845876,97.91141231498874,33.802873399296985
52102,2021-12-01 00:00:00+00:00,France,46975,7441114,110,31679.571428571428,12476.978799067543,44156.550227638974,19202.592629503884,69.85714285714286,35.918558672959826,105.77570153010268,33.938584184183036
52103,2021-12-02 00:00:00+00:00,France,49563,7490677,95,34124.142857142855,14209.388966789664,48333.53182393252,19914.75389035319,72.57142857142857,37.15668240867379,109.72811098010236,35.41474616275478
52104,2021-12-03 00:00:00+00:00,France,48129,7538806,97,36239.71428571428,15141.555894450277,51381.27018016456,21098.158391264005,76.14285714285714,38.27718455088955,114.4200416937467,37.86567259196759
52105,2021-12-04 00:00:00+00:00,France,49549,7588355,124,38425.142857142855,15892.08243569285,54317.225292835705,22533.060421450005,85.57142857142857,41.08875410967964,126.66018268110821,44.48267446174893
52106,2021-12-05 00:00:00+00:00,France,51523,7639878,47,40480.28571428572,16611.637333651426,57091.92304793715,23868.64838063429,87.71428571428571,38.11261508439731,125.82690079868303,49.601670629888396
52107,2021-12-06 00:00:00+00:00,France,42222,7682100,29,41991.71428571428,16148.303984364073,58140.018270078355,25843.41030135021,88.57142857142857,36.44565425789082,125.01708282931939,52.12577431353775
52108,2021-12-07 00:00:00+00:00,France,8530,7690630,184,42355.857142857145,15201.93468420573,57557.79182706287,27153.922458651417,98.0,50.97057974949865,148.97057974949865,47.02942025050135
52109,2021-12-08 00:00:00+00:00,France,58796,7749426,171,44044.57142857143,16409.206936525432,60453.77836509686,27635.364492045996,106.71428571428571,58.08245370653198,164.7967394208177,48.63183200775373
52110,2021-12-09 00:00:00+00:00,France,61148,7810574,122,45699.57142857143,17599.590306378755,63299.16173495018,28099.981122192672,110.57142857142857,58.071384642401256,168.6428132138298,52.50004392902731
52111,2021-12-10 00:00:00+00:00,France,56609,7867183,135,46911.0,18079.98003317482,64990.98003317482,28831.01996682518,116.0,58.36665714829545,174.36665714829545,57.63334285170455
52112,2021-12-11 00:00:00+00:00,France,55020,7922203,144,47692.57142857143,18329.552311837328,66022.12374040876,29363.0191167341,118.85714285714286,59.30550444219203,178.16264729933488,59.55163841495083
52113,2021-12-12 00:00:00+00:00,France,53647,7975850,65,47996.0,18420.88254309947,66416.88254309946,29575.11745690053,121.42857142857143,55.96682690921218,177.3953983377836,65.46174451935926
52114,2021-12-13 00:00:00+00:00,France,43848,8019698,48,48228.28571428572,18346.037780351795,66574.32349463752,29882.247933933922,124.14285714285714,50.97525076423061,175.11810790708773,73.16760637862653
52115,2021-12-14 00:00:00+00:00,France,8434,8028132,238,48214.57142857143,18380.662772391563,66595.234200963,29833.908656179865,131.85714285714286,63.972464314548596,195.82960717169146,67.88467854259426
52116,2021-12-15 00:00:00+00:00,France,63123,8091255,148,48832.71428571428,18862.27492213215,67694.98920784643,29970.439363582133,128.57142857142858,62.192864389352444,190.76429296078103,66.37856418207613
52117,2021-12-16 00:00:00+00:00,France,65586,8156841,144,49466.71428571428,19411.788168655716,68878.50245437,30054.926117058567,131.71428571428572,62.361083713360564,194.07536942764628,69.35320200092517
