,Date_reported,Country,New_cases,Cumulative_cases,New_deaths,MA,MSTD_cases,OTG_cases,UTG_cases,MA_d,MSTD_deaths,OTG_deaths,UTG_deaths
57344,2021-10-02 00:00:00+00:00,Germany,8517,4246136,66,8517.0,,,,66.0,,,
57345,2021-10-03 00:00:00+00:00,Germany,6164,4252300,9,7340.5,1663.8222561319462,9004.322256131945,5676.677743868054,37.5,40.30508652763321,77.80508652763321,-2.8050865276332075
57346,2021-10-04 00:00:00+00:00,Germany,3088,4255388,7,5923.0,2722.511891617739,8645.511891617738,3200.488108382261,27.333333333333332,33.50124375800596,60.8345770913393,-6.16791042467263
57347,2021-10-05 00:00:00+00:00,Germany,4799,4260187,90,5642.0,2292.8638569846808,7934.863856984681,3349.1361430153192,43.0,41.593268686170845,84.59326868617084,1.4067313138291553
57348,2021-10-06 00:00:00+00:00,Germany,11547,4271734,76,6823.0,3304.0465341759336,10127.046534175934,3518.9534658240664,49.6,38.926854483762234,88.52685448376224,10.673145516237767
57349,2021-10-07 00:00:00+00:00,Germany,11644,4283378,68,7626.5,3550.6411111234547,11177.141111123456,4075.8588888765453,52.666666666666664,35.61834733205159,88.28501399871826,17.048319334615073
57350,2021-10-08 00:00:00+00:00,Germany,10429,4293807,86,8026.857142857143,3409.9674205956585,11436.824563452801,4616.889722261485,57.42857142857143,34.87050875671849,92.29908018528992,22.558062671852937
57351,2021-10-09 00:00:00+00:00,Germany,8854,4302661,65,8075.0,3420.403679879516,11495.403679879517,4654.596320120484,57.285714285714285,34.83156751049391,92.1172817962082,22.454146775220373
57352,2021-10-10 00:00:00+00:00,Germany,7612,4310273,24,8281.857142857143,3328.1097452143126,11609.966888071456,4953.74739764283,59.42857142857143,31.685207604691193,91.11377903326263,27.743363823880237
57353,2021-10-11 00:00:00+00:00,Germany,3111,4313384,7,8285.142857142857,3322.1334223944823,11607.276279537338,4963.009434748375,59.42857142857143,31.685207604691193,91.11377903326263,27.743363823880237
57354,2021-10-12 00:00:00+00:00,Germany,4971,4318355,88,8309.714285714286,3292.555932923323,11602.270218637608,5017.158352790963,59.142857142857146,31.371051259765856,90.513908402623,27.77180588309129
57355,2021-10-13 00:00:00+00:00,Germany,11903,4330258,92,8360.57142857143,3353.0862826726693,11713.6577112441,5007.48514589876,61.42857142857143,33.325951563594515,94.75452299216595,28.102619864976916
57356,2021-10-14 00:00:00+00:00,Germany,12382,4342640,72,8466.0,3482.630806349323,11948.630806349323,4983.369193650677,62.0,33.491292400662395,95.49129240066239,28.508707599337605
57357,2021-10-15 00:00:00+00:00,Germany,11518,4354158,65,8621.57142857143,3607.035294954517,12228.606723525947,5014.536133616912,59.0,31.885210782848315,90.88521078284832,27.114789217151685
57358,2021-10-16 00:00:00+00:00,Germany,10949,4365107,75,8920.857142857143,3714.8377904726617,12635.694933329805,5206.019352384481,60.42857142857143,32.418395718363065,92.8469671469345,28.010175710208365
57359,2021-10-17 00:00:00+00:00,Germany,8682,4373789,17,9073.714285714286,3673.792487075888,12747.506772790173,5399.921798638398,59.42857142857143,33.8075787502208,93.23615017879223,25.620992678350632
57360,2021-10-18 00:00:00+00:00,Germany,4056,4377845,10,9208.714285714286,3427.2541834674644,12635.968469181751,5781.460102246821,59.857142857142854,33.04254112215832,92.89968397930117,26.814601734984535
57361,2021-10-19 00:00:00+00:00,Germany,6771,4384616,88,9465.857142857143,3109.067353648648,12574.924496505791,6356.789789208495,59.857142857142854,33.04254112215832,92.89968397930117,26.814601734984535
57362,2021-10-20 00:00:00+00:00,Germany,17015,4401631,92,10196.142857142857,4189.559858687283,14385.702715830139,6006.582998455574,59.857142857142854,33.04254112215832,92.89968397930117,26.814601734984535
57363,2021-10-21 00:00:00+00:00,Germany,16077,4417708,67,10724.0,4711.166663718588,15435.166663718588,6012.833336281412,59.142857142857146,32.789371100142446,91.9322282429996,26.3534860427147
57364,2021-10-22 00:00:00+00:00,Germany,19572,4437280,116,11874.57142857143,5795.983001388199,17670.55442995963,6078.58842718323,66.42857142857143,39.322839600996694,105.75141102956812,27.105731827574736
57365,2021-10-23 00:00:00+00:00,Germany,15145,4452425,86,12474.0,5900.3436623075895,18374.34366230759,6573.6563376924105,68.0,39.93745109543171,107.93745109543171,28.06254890456829
57366,2021-10-24 00:00:00+00:00,Germany,13732,4466157,23,13195.42857142857,5663.397356626818,18858.82592805539,7532.031214801753,68.85714285714286,38.70585042526332,107.56299328240618,30.15129243187954
57367,2021-10-25 00:00:00+00:00,Germany,6573,4472730,17,13555.0,5031.016828965427,18586.016828965425,8523.983171034573,69.85714285714286,36.98390898498324,106.84105184212609,32.873233872159624
57368,2021-10-26 00:00:00+00:00,Germany,10473,4483203,128,14083.857142857143,4347.125886857945,18430.983029715087,9736.731255999199,75.57142857142857,42.87523427674436,118.44666284817293,32.69619429468421
57369,2021-10-27 00:00:00+00:00,Germany,23212,4506415,114,14969.142857142857,5517.0991601435935,20486.24201728645,9452.043696999262,78.71428571428571,45.03226356630057,123.74654928058628,33.68202214798514
57370,2021-10-28 00:00:00+00:00,Germany,28037,4534452,126,16677.714285714286,7435.694626020395,24113.40891173468,9242.019659693891,87.14285714285714,47.904170213140354,135.0470273559975,39.238686929716785
57371,2021-10-29 00:00:00+00:00,Germany,24668,4559120,121,17405.714285714286,7994.740098220533,25400.45438393482,9410.974187493754,87.85714285714286,48.44043961894019,136.29758247608305,39.41670323820267
57372,2021-10-30 00:00:00+00:00,Germany,21543,4580663,90,18319.714285714286,8058.678008091355,26378.392293805642,10261.03627762293,88.42857142857143,48.43847349252157,136.867044921093,39.990097936049864
57373,2021-10-31 00:00:00+00:00,Germany,16887,4597550,33,18770.428571428572,7844.714693285386,26615.14326471396,10925.713878143186,89.85714285714286,46.28689004973428,136.14403290687716,43.57025280740858
57374,2021-11-01 00:00:00+00:00,Germany,9658,4607208,23,19211.14285714286,7096.205310553227,26307.348167696087,12114.937546589632,90.71428571428571,44.74265036745992,135.45693608174562,45.971635346825785
57375,2021-11-02 00:00:00+00:00,Germany,10813,4618021,81,19259.714285714286,7027.255597891345,26286.96988360563,12232.458687822942,84.0,41.63331998932265,125.63331998932264,42.36668001067735
57376,2021-11-03 00:00:00+00:00,Germany,20398,4638419,194,18857.714285714286,6841.51337337692,25699.227659091208,12016.200912337366,95.42857142857143,58.71642911161277,154.14500054018418,36.71214231695866
57377,2021-11-04 00:00:00+00:00,Germany,33949,4672368,165,19702.285714285714,8359.947601795235,28062.23331608095,11342.338112490479,101.0,63.73643646559896,164.73643646559896,37.26356353440104
57378,2021-11-05 00:00:00+00:00,Germany,37120,4709488,154,21481.14285714286,10613.674095690136,32094.816952832996,10867.468761452723,105.71428571428571,66.61760099181569,172.3318867061014,39.096684722470016
57379,2021-11-06 00:00:00+00:00,Germany,34002,4743490,142,23261.0,11622.487283996772,34883.48728399677,11638.512716003228,113.14285714285714,67.46709956571073,180.60995670856786,45.67575757714641
57380,2021-11-07 00:00:00+00:00,Germany,23543,4767033,37,24211.85714285714,11281.371125718297,35493.22826857544,12930.486017138845,113.71428571428571,66.68761575613642,180.40190147042213,47.026669958149284
57381,2021-11-08 00:00:00+00:00,Germany,15513,4782546,33,25048.285714285714,10186.380412333025,35234.66612661874,14861.90530195269,115.14285714285714,64.49141692615272,179.63427406900985,50.651440216704415
57382,2021-11-09 00:00:00+00:00,Germany,21832,4804378,169,26622.428571428572,8295.879797769954,34918.30836919852,18326.54877365862,127.71428571428571,65.29858162245763,193.01286733674334,62.415704091828076
57383,2021-11-10 00:00:00+00:00,Germany,39676,4844054,236,29376.428571428572,9050.69365402717,38427.12222545574,20325.7349174014,133.71428571428572,73.78282159083348,207.4971073051192,59.931464123452244
57384,2021-11-11 00:00:00+00:00,Germany,50196,4894250,235,31697.428571428572,12016.150185717319,43713.57875714589,19681.27838571125,143.71428571428572,82.90901496161176,226.6233006758975,60.80527075267396
57385,2021-11-12 00:00:00+00:00,Germany,48640,4942890,191,33343.142857142855,13570.894154139483,46914.03701128234,19772.248703003374,149.0,84.83120495037974,233.83120495037974,64.16879504962026
57386,2021-11-13 00:00:00+00:00,Germany,45081,4987971,228,34925.857142857145,14287.65968039753,49213.51682325467,20638.197462459615,161.28571428571428,89.73426377498227,251.01997806069653,71.55145051073201
57387,2021-11-14 00:00:00+00:00,Germany,33498,5021469,55,36348.0,13435.867556655958,49783.867556655954,22912.132443344042,163.85714285714286,85.7485249074847,249.60566776462755,78.10861794965817
57388,2021-11-15 00:00:00+00:00,Germany,23607,5045076,43,37504.28571428572,11561.517355928188,49065.80307021391,25942.768358357527,165.28571428571428,83.25205560167726,248.53776988739153,82.03365868403702
57389,2021-11-16 00:00:00+00:00,Germany,32048,5077124,265,38963.71428571428,9757.502185742109,48721.21647145639,29206.212099972174,179.0,91.46766277397349,270.4676627739735,87.53233722602651
57390,2021-11-17 00:00:00+00:00,Germany,52826,5129950,294,40842.28571428572,11092.080458812135,51934.36617309785,29750.205255473582,187.28571428571428,99.74419663271023,287.0299109184245,87.54151765300405
57391,2021-11-18 00:00:00+00:00,Germany,65371,5195321,264,43010.142857142855,14256.426123314493,57266.56898045735,28753.71673382836,191.42857142857142,102.61718040506528,294.0457518336367,88.81139102350613
57392,2021-11-19 00:00:00+00:00,Germany,52970,5248291,201,43628.71428571428,14630.442938319697,58259.15722403398,28998.271347394584,192.85714285714286,102.67980744597672,295.53695030311957,90.17733541116614
57393,2021-11-20 00:00:00+00:00,Germany,63924,5312215,248,46320.57142857143,16549.75320920872,62870.32463778015,29770.818219362707,195.71428571428572,104.08924742052577,299.80353313481146,91.62503829375996
57394,2021-11-21 00:00:00+00:00,Germany,42727,5354942,75,47639.0,15703.999639157752,63342.99963915775,31935.00036084225,198.57142857142858,99.76782571359891,298.3392542850275,98.80360285782967
57395,2021-11-22 00:00:00+00:00,Germany,30643,5385585,62,48644.142857142855,14047.232437133562,62691.37529427642,34596.91042000929,201.28571428571428,94.97317917130479,296.2588934570191,106.31253511440949
57396,2021-11-23 00:00:00+00:00,Germany,45326,5430911,309,50541.0,12208.877098242905,62749.877098242905,38332.122901757095,207.57142857142858,101.14817042810206,308.71959899953066,106.42325814332652
57397,2021-11-24 00:00:00+00:00,Germany,66884,5497795,335,52549.28571428572,13711.18778849698,66260.4735027827,38838.09792578874,213.42857142857142,107.9457535722722,321.3743250008436,105.48281785629922
57398,2021-11-25 00:00:00+00:00,Germany,75961,5573756,351,54062.142857142855,15788.555321588397,69850.69817873125,38273.587535554456,225.85714285714286,119.1643522918782,345.02149514902106,106.69279056526466
57399,2021-11-26 00:00:00+00:00,Germany,76414,5650170,357,57411.28571428572,17867.877655299802,75279.16336958553,39543.408058985915,248.14285714285714,128.00055803449789,376.143415177355,120.14229910835925
57400,2021-11-27 00:00:00+00:00,Germany,67125,5717295,303,57868.57142857143,18101.764820565084,75970.33624913651,39766.80660800634,256.0,129.66752356186444,385.6675235618644,126.33247643813556
57401,2021-11-28 00:00:00+00:00,Germany,44401,5761696,104,58107.71428571428,17878.065272975204,75985.77955868948,40229.64901273908,260.14285714285717,123.22395407201824,383.3668112148754,136.91890307083892
57402,2021-11-29 00:00:00+00:00,Germany,29364,5791060,73,57925.0,18209.00965639446,76134.00965639445,39715.99034360554,261.7142857142857,120.311698358492,382.0259840727777,141.40258735579374
57403,2021-11-30 00:00:00+00:00,Germany,45753,5836813,388,57986.0,18160.41910309341,76146.41910309342,39825.58089690659,273.0,128.88625476235498,401.88625476235495,144.11374523764502
57404,2021-12-01 00:00:00+00:00,Germany,67186,5903999,446,58029.142857142855,18185.422270127718,76214.56512727057,39843.72058701514,288.85714285714283,143.75607647612512,432.6132193332679,145.10106638101772
57405,2021-12-02 00:00:00+00:00,Germany,73209,5977208,388,57636.0,17757.872113516307,75393.8721135163,39878.12788648369,294.14285714285717,147.06396405581324,441.2068211986704,147.07889308704392
57406,2021-12-03 00:00:00+00:00,Germany,74352,6051560,390,57341.42857142857,17408.121178127785,74749.54974955636,39933.30739330078,298.85714285714283,149.9160082306407,448.7731510877835,148.94113462650213
57407,2021-12-04 00:00:00+00:00,Germany,64510,6116070,378,56967.857142857145,17189.867921041663,74157.7250638988,39777.989221815486,309.57142857142856,152.9115835407913,462.48301211221985,156.65984503063726
57408,2021-12-05 00:00:00+00:00,Germany,42055,6158125,94,56632.71428571428,17495.859126416988,74128.57341213127,39136.855159297294,308.14285714285717,155.18207432070304,463.32493146356023,152.96078282215413
57409,2021-12-06 00:00:00+00:00,Germany,27836,6185961,81,56414.42857142857,17897.695166856385,74312.12373828495,38516.73340457219,309.2857142857143,153.178234186752,462.4639484724663,156.10748009896227
57410,2021-12-07 00:00:00+00:00,Germany,36059,6222020,399,55029.57142857143,19188.614513621902,74218.18594219333,35840.95691494952,310.85714285714283,154.1735262309201,465.03066908806295,156.68361662622274
57411,2021-12-08 00:00:00+00:00,Germany,69601,6291621,527,55374.57142857143,19463.350866497298,74837.92229506873,35911.22056207413,322.42857142857144,168.39126772971056,490.819839158282,154.03730369886088
57412,2021-12-09 00:00:00+00:00,Germany,70611,6362232,465,55003.42857142857,19087.735354210596,74091.16392563916,35915.69321721798,333.42857142857144,175.74304836214452,509.17161979071597,157.68552306642692
57413,2021-12-10 00:00:00+00:00,Germany,61288,6423520,484,53137.142857142855,17448.96038382203,70586.10324096488,35688.18247332083,346.85714285714283,184.17512370153634,531.0322665586791,162.6820191556065
57414,2021-12-11 00:00:00+00:00,Germany,53697,6477217,514,51592.42857142857,16738.507877119187,68330.93644854776,34853.92069430939,366.2857142857143,194.87065307165022,561.1563673573645,171.41506121406405
57415,2021-12-12 00:00:00+00:00,Germany,32646,6509863,128,50248.28571428572,17964.889124013414,68213.17483829914,32283.396590272303,371.14285714285717,187.22662610806603,558.3694832509232,183.91623103479114
57416,2021-12-13 00:00:00+00:00,Germany,21743,6531606,116,49377.857142857145,19327.70329887967,68705.56044173682,30050.153843977474,376.14285714285717,178.4483385291372,554.5911956719943,197.69451861371996
57417,2021-12-14 00:00:00+00:00,Germany,30823,6562429,473,48629.857142857145,20018.05405484902,68647.91119770617,28611.803088008124,386.7142857142857,182.1809670682006,568.8952527824863,204.53331864608512
57418,2021-12-15 00:00:00+00:00,Germany,51301,6613730,453,46015.57142857143,17906.4219006957,63921.99332926713,28109.14952787573,376.14285714285717,174.67629926183332,550.8191564046905,201.46655788102385
57419,2021-12-16 00:00:00+00:00,Germany,56677,6670407,522,44025.0,15301.601234293541,59326.60123429354,28723.398765706457,384.2857142857143,180.73250425764073,565.018218543355,203.55321002807355
57420,2021-12-17 00:00:00+00:00,Germany,50968,6721375,437,42550.71428571428,13782.920913389959,56333.63519910424,28767.793372324326,377.57142857142856,177.25015951366328,554.8215880850919,200.32126905776528
57421,2021-12-18 00:00:00+00:00,Germany,42813,6764188,414,40995.857142857145,12901.676227381884,53897.53337023903,28094.180915475263,363.2857142857143,168.2217923711772,531.5075066568915,195.06392191453708
57422,2021-12-19 00:00:00+00:00,Germany,29348,6793536,180,40524.71428571428,13311.136499366321,53835.850785080605,27213.57778634796,370.7142857142857,156.86481896388193,527.5791046781676,213.8494667504038
57423,2021-12-20 00:00:00+00:00,Germany,16086,6809622,119,39716.57142857143,14736.82705398445,54453.39848255588,24979.744374586975,371.14285714285717,156.05493538220085,527.197792525058,215.08792176065631
57424,2021-12-21 00:00:00+00:00,Germany,23428,6833050,462,38660.142857142855,15713.33874376133,54373.48160090418,22946.804113381528,369.57142857142856,154.9094973878374,524.480925959266,214.66193118359115
57425,2021-12-22 00:00:00+00:00,Germany,45659,6878709,510,37854.142857142855,15089.175849247838,52943.318706390695,22764.967007895015,377.7142857142857,161.38846952381115,539.1027552380968,216.32581619047457
57426,2021-12-23 00:00:00+00:00,Germany,44927,6923636,425,36175.57142857143,13178.90681932236,49354.478247893785,22996.66460924907,363.85714285714283,150.74860814330222,514.605751000445,213.1085347138406
57427,2021-12-24 00:00:00+00:00,Germany,35431,6959067,370,33956.0,11469.920604200674,45425.92060420067,22486.079395799326,354.2857142857143,147.42084235922948,501.70655664494376,206.8648719264848
57428,2021-12-25 00:00:00+00:00,Germany,22214,6981281,157,31013.285714285714,11461.279854569579,42474.565568855294,19552.005859716133,317.57142857142856,161.4092698110998,478.9806983825283,156.16215876032877
57429,2021-12-26 00:00:00+00:00,Germany,10100,6991381,88,28263.571428571428,13963.234210563403,42226.80563913483,14300.337218008024,304.42857142857144,177.42872479097744,481.85729621954886,126.999846637594
57430,2021-12-27 00:00:00+00:00,Germany,13908,7005289,69,27952.428571428572,14300.017329326849,42252.445900755425,13652.411242101723,297.2857142857143,186.891870953692,484.1775852394063,110.39384333202227
57431,2021-12-28 00:00:00+00:00,Germany,21080,7026369,372,27617.0,14450.577889251832,42067.57788925183,13166.422110748168,284.42857142857144,176.477436841897,460.9060082704684,107.95113458667444
57432,2021-12-29 00:00:00+00:00,Germany,40043,7066412,414,26814.714285714286,13399.63484221725,40214.349127931535,13415.079443497036,270.7142857142857,158.8791094781547,429.5933951924404,111.83517623613102
