,Date_reported,Country,New_cases,Cumulative_cases,New_deaths,MA,MSTD_cases,OTG_cases,UTG_cases,MA_d,MSTD_deaths,OTG_deaths,UTG_deaths
74792,2021-10-02 00:00:00+00:00,Israel,3623,1287521,19,3623.0,,,,19.0,,,
74793,2021-10-03 00:00:00+00:00,Israel,1739,1289260,21,2681.0,1332.1891757554556,4013.189175755456,1348.8108242445444,20.0,1.4142135623730951,21.414213562373096,18.585786437626904
74794,2021-10-04 00:00:00+00:00,Israel,2702,1291962,23,2688.0,942.0780222465653,3630.0780222465655,1745.9219777534347,21.0,2.0,23.0,19.0
74795,2021-10-05 00:00:00+00:00,Israel,3276,1295238,11,2835.0,823.474346898554,3658.474346898554,2011.525653101446,18.5,5.259911279353167,23.75991127935317,13.240088720646833
74796,2021-10-06 00:00:00+00:00,Israel,2555,1297793,15,2779.0,724.0597351047771,3503.0597351047772,2054.9402648952228,17.8,4.8166378315169185,22.61663783151692,12.983362168483083
74797,2021-10-07 00:00:00+00:00,Israel,2425,1300218,15,2720.0,663.5480389542267,3383.5480389542267,2056.4519610457733,17.333333333333332,4.457203906785808,21.79053724011914,12.876129426547525
74798,2021-10-08 00:00:00+00:00,Israel,2120,1302338,18,2634.285714285714,646.7935565247267,3281.079270810441,1987.4921577609875,17.428571428571427,4.07664661444276,21.50521804301419,13.351924814128667
74799,2021-10-09 00:00:00+00:00,Israel,2023,1304361,7,2405.714285714286,506.69705422659086,2912.4113399408766,1899.017231487695,15.714285714285714,5.559205150447491,21.273490864733205,10.155080563838222
74800,2021-10-10 00:00:00+00:00,Israel,1040,1305401,12,2305.8571428571427,694.1804348946146,3000.0375777517575,1611.676707962528,14.428571428571429,5.15936504029785,19.58793646886928,9.26920638827358
74801,2021-10-11 00:00:00+00:00,Israel,1493,1306894,15,2133.1428571428573,728.7334740427918,2861.876331185649,1404.4093831000655,13.285714285714286,3.5923198500080593,16.878034135722345,9.693394435706228
74802,2021-10-12 00:00:00+00:00,Israel,2343,1309237,14,1999.857142857143,547.703821595647,2547.56096445279,1452.1533212614959,13.714285714285714,3.450327796711774,17.164613510997487,10.26395791757394
74803,2021-10-13 00:00:00+00:00,Israel,1816,1311053,10,1894.2857142857142,491.1685774034936,2385.454291689208,1403.1171368822206,13.0,3.6514837167011107,16.65148371670111,9.348516283298888
74804,2021-10-14 00:00:00+00:00,Israel,1772,1312825,9,1801.0,432.02237596371515,2233.022375963715,1368.9776240362849,12.142857142857142,3.8047589248453715,15.947616067702514,8.33809821801177
74805,2021-10-15 00:00:00+00:00,Israel,1346,1314171,13,1690.4285714285713,435.802270585663,2126.2308420142344,1254.6263008429082,11.428571428571429,2.8784916685157045,14.307063097087134,8.550079760055723
74806,2021-10-16 00:00:00+00:00,Israel,1575,1315746,10,1626.4285714285713,411.01291834639386,2037.4414897749652,1215.4156530821774,11.857142857142858,2.267786838055371,14.12492969519823,9.589356019087486
74807,2021-10-17 00:00:00+00:00,Israel,740,1316486,9,1583.5714285714287,490.33827002144085,2073.9096985928695,1093.2331585499878,11.428571428571429,2.5071326821120423,13.93570411068347,8.921438746459387
74808,2021-10-18 00:00:00+00:00,Israel,1222,1317708,7,1544.857142857143,509.0233879929388,2053.880530850082,1035.8337548642041,10.285714285714286,2.4299715851758337,12.71568587089012,7.855742700538453
74809,2021-10-19 00:00:00+00:00,Israel,1508,1319216,11,1425.5714285714287,369.5383864331545,1795.1098150045832,1056.0330421382741,9.857142857142858,1.864454471471623,11.72159732861448,7.992688385671235
74810,2021-10-20 00:00:00+00:00,Israel,1150,1320366,3,1330.4285714285713,336.52432162864466,1666.952893057216,993.9042497999267,8.857142857142858,3.1847852585154315,12.041928115658289,5.672357598627427
74811,2021-10-21 00:00:00+00:00,Israel,1035,1321401,8,1225.142857142857,286.9926994259783,1512.1355565688355,938.1501577168788,8.714285714285714,3.199702367110932,11.913988081396646,5.514583347174781
74812,2021-10-22 00:00:00+00:00,Israel,993,1322394,7,1174.7142857142858,293.1641828314614,1467.8784685457472,881.5501028828244,7.857142857142857,2.6095064302514914,10.466649287394349,5.247636426891365
74813,2021-10-23 00:00:00+00:00,Israel,982,1323376,4,1090.0,238.8674667397533,1328.8674667397534,851.1325332602466,7.0,2.7688746209727064,9.768874620972706,4.231125379027294
74814,2021-10-24 00:00:00+00:00,Israel,332,1323708,8,1031.7142857142858,358.382809430417,1390.0970951447027,673.3314762838688,6.857142857142857,2.6726124191242597,9.529755276267117,4.184530438018597
74815,2021-10-25 00:00:00+00:00,Israel,842,1324550,6,977.4285714285714,353.50240788565065,1330.930979314222,623.9261635429208,6.714285714285714,2.690370836538213,9.404656550823928,4.023914877747501
74816,2021-10-26 00:00:00+00:00,Israel,929,1325479,10,894.7142857142857,265.4340560200192,1160.148341734305,629.2802296942664,6.571428571428571,2.4397501823713506,9.011178753799921,4.131678389057221
74817,2021-10-27 00:00:00+00:00,Israel,729,1326208,10,834.5714285714286,244.84747438821245,1079.418902959641,589.7239541832162,7.571428571428571,2.1491969707422576,9.72062554217083,5.422231600686313
74818,2021-10-28 00:00:00+00:00,Israel,647,1326855,5,779.1428571428571,235.65754006710003,1014.8003972099572,543.485317075757,7.142857142857143,2.3401261667248963,9.482983309582039,4.802730976132247
74819,2021-10-29 00:00:00+00:00,Israel,662,1327517,7,731.8571428571429,218.1524150461711,950.009557903314,513.7047278109718,7.142857142857143,2.3401261667248963,9.482983309582039,4.802730976132247
74820,2021-10-30 00:00:00+00:00,Israel,618,1328135,6,679.8571428571429,190.17836239648886,870.0355052536318,489.678780460654,7.428571428571429,1.9880595947760296,9.416631023347458,5.4405118337954
74821,2021-10-31 00:00:00+00:00,Israel,226,1328361,3,664.7142857142857,223.74964751236033,888.463933226646,440.96463820192537,6.714285714285714,2.5634797778466396,9.277765492132353,4.150805936439075
74822,2021-11-01 00:00:00+00:00,Israel,529,1328890,2,620.0,213.4541324656598,833.4541324656598,406.54586753434023,6.142857142857143,3.1320159337915094,9.274873076648653,3.010841209065634
74823,2021-11-02 00:00:00+00:00,Israel,691,1329581,4,586.0,170.7063755888088,756.7063755888088,415.2936244111912,5.285714285714286,2.6903708365382153,7.976085122252501,2.5953434491760703
74824,2021-11-03 00:00:00+00:00,Israel,666,1330247,3,577.0,163.41562552787744,740.4156255278774,413.5843744721226,4.285714285714286,1.7994708216849047,6.08518510739919,2.486243464029381
74825,2021-11-04 00:00:00+00:00,Israel,616,1330863,5,572.5714285714286,161.61255844648912,734.1839870179176,410.95887012493944,4.285714285714286,1.7994708216849047,6.08518510739919,2.486243464029381
74826,2021-11-05 00:00:00+00:00,Israel,518,1331381,6,552.0,157.4431114191223,709.4431114191223,394.55688858087774,4.142857142857143,1.5735915849389213,5.716448727796065,2.569265557918222
74827,2021-11-06 00:00:00+00:00,Israel,558,1331939,1,543.4285714285714,154.86322690561462,698.2917983341861,388.5653445229568,3.4285714285714284,1.7182493859684829,5.146820814539911,1.7103220426029455
74828,2021-11-07 00:00:00+00:00,Israel,197,1332136,0,539.2857142857143,164.83700462953982,704.1227189152542,374.4487096561745,3.0,2.1602468994693145,5.160246899469314,0.8397531005306855
74829,2021-11-08 00:00:00+00:00,Israel,501,1332637,5,535.2857142857143,165.4667280610786,700.7524423467929,369.81898622463575,3.4285714285714284,2.225394561056773,5.653965989628201,1.2031768675146552
74830,2021-11-09 00:00:00+00:00,Israel,566,1333203,3,517.4285714285714,152.0634266162859,669.4919980448574,365.3651448122855,3.2857142857142856,2.2146697055683093,5.500383991282595,1.0710445801459763
74831,2021-11-10 00:00:00+00:00,Israel,473,1333676,6,489.85714285714283,137.42807642718816,627.285219284331,352.4290664299547,3.7142857142857144,2.429971585175847,6.144257299461561,1.2843141291098674
74832,2021-11-11 00:00:00+00:00,Israel,498,1334174,5,473.0,126.15070352558838,599.1507035255884,346.84929647441163,3.7142857142857144,2.429971585175847,6.144257299461561,1.2843141291098674
74833,2021-11-12 00:00:00+00:00,Israel,393,1334567,3,455.14285714285717,127.55838999118706,582.7012471340443,327.5844671516701,3.2857142857142856,2.2146697055683093,5.500383991282595,1.0710445801459763
74834,2021-11-13 00:00:00+00:00,Israel,448,1335015,2,439.42857142857144,119.28237805429033,558.7109494828618,320.1461933742811,3.4285714285714284,2.0701966780270906,5.498768106598519,1.3583747505443378
74835,2021-11-14 00:00:00+00:00,Israel,226,1335241,2,443.57142857142856,109.56711359232435,553.1385421637528,334.0043149791042,3.7142857142857144,1.6035674514745817,5.317853165760296,2.1107182628111327
74836,2021-11-15 00:00:00+00:00,Israel,397,1335638,0,428.7142857142857,107.51389721909925,536.2281829333849,321.2003884951865,3.0,2.0000000000000298,5.00000000000003,0.9999999999999702
74837,2021-11-16 00:00:00+00:00,Israel,535,1336173,5,424.2857142857143,101.38000178489695,525.6657160706112,322.90571250081734,3.2857142857142856,2.1380899352994223,5.423804221013707,1.1476243504148633
74838,2021-11-17 00:00:00+00:00,Israel,558,1336731,4,436.42857142857144,112.65116827750455,549.079739706076,323.7774031510669,3.0,1.8257418583505864,4.825741858350586,1.1742581416494136
74839,2021-11-18 00:00:00+00:00,Israel,483,1337214,1,434.2857142857143,111.4206956923729,545.7064099780872,322.86501859334135,2.4285714285714284,1.7182493859684853,4.146820814539914,0.7103220426029431
74840,2021-11-19 00:00:00+00:00,Israel,469,1337683,3,445.14285714285717,110.42558364713518,555.5684407899923,334.717273495722,2.4285714285714284,1.7182493859684853,4.146820814539914,0.7103220426029431
74841,2021-11-20 00:00:00+00:00,Israel,508,1338191,3,453.7142857142857,112.98335317753235,566.6976388918181,340.73093253675336,2.5714285714285716,1.7182493859684849,4.289677957397057,0.8531791854600868
74842,2021-11-21 00:00:00+00:00,Israel,237,1338428,6,455.2857142857143,109.30494695379684,564.5906612395111,345.98076733191743,3.142857142857143,2.1157009420498434,5.258558084906986,1.0271562008072994
74843,2021-11-22 00:00:00+00:00,Israel,452,1338880,1,463.14285714285717,106.3538568042728,569.4967139471299,356.7890003385844,3.2857142857142856,1.8898223650461672,5.175536650760453,1.3958919206681184
74844,2021-11-23 00:00:00+00:00,Israel,716,1339596,2,489.0,142.57161942921022,631.5716194292102,346.4283805707898,2.857142857142857,1.7728105208558707,4.629953377998728,1.0843323362869866
74845,2021-11-24 00:00:00+00:00,Israel,606,1340202,0,495.85714285714283,147.51206568891374,643.3692085460566,348.34507716822907,2.2857142857142856,1.9760470401187396,4.261761325833025,0.30966724559554604
74846,2021-11-25 00:00:00+00:00,Israel,543,1340745,3,504.42857142857144,148.38110520195372,652.8096766305251,356.04746622661776,2.5714285714285716,1.9023794624227164,4.473808033851288,0.6690491090058552
74847,2021-11-26 00:00:00+00:00,Israel,538,1341283,3,514.2857142857143,147.9264617816534,662.2121760673677,366.3592525040609,2.5714285714285716,1.9023794624227164,4.473808033851288,0.6690491090058552
74848,2021-11-27 00:00:00+00:00,Israel,540,1341823,2,518.8571428571429,148.19404910615356,667.0511919632964,370.66309375098933,2.4285714285714284,1.9023794624227166,4.330950890994145,0.5261919661487118
74849,2021-11-28 00:00:00+00:00,Israel,169,1341992,1,509.14285714285717,170.32559855702956,679.4684556998867,338.81725858582763,1.7142857142857142,1.1126972805284328,2.8269829948141467,0.6015884337572814
74850,2021-11-29 00:00:00+00:00,Israel,543,1342535,3,522.1428571428571,168.7023301275861,690.8451872704431,353.440527015271,2.0,1.1547005383793074,3.1547005383793074,0.8452994616206926
74851,2021-11-30 00:00:00+00:00,Israel,698,1343233,3,519.5714285714286,165.3590609782842,684.9304895497128,354.21236759314434,2.142857142857143,1.2149857925879644,3.357842935445107,0.9278713502691784
74852,2021-12-01 00:00:00+00:00,Israel,577,1343810,3,515.4285714285714,163.18175668341902,678.6103281119905,352.2468147451524,2.5714285714285716,0.7867957924695217,3.3582243638980933,1.78463277895905
74853,2021-12-02 00:00:00+00:00,Israel,563,1344373,1,518.2857142857143,163.91838852074818,682.2041028064625,354.36732576496615,2.2857142857142856,0.951189731211408,3.2369040169256937,1.3345245545028774
74854,2021-12-03 00:00:00+00:00,Israel,518,1344891,2,515.4285714285714,163.69163809111706,679.1202095196885,351.7369333374544,2.142857142857143,0.8997354108425081,3.042592553699651,1.2431217320146346
74855,2021-12-04 00:00:00+00:00,Israel,486,1345377,1,507.7142857142857,163.61307434077193,671.3273600550576,344.1012113735138,2.0,1.0000000000000644,3.0000000000000644,0.9999999999999356
74856,2021-12-05 00:00:00+00:00,Israel,248,1345625,2,519.0,136.89898952634454,655.8989895263445,382.1010104736555,2.142857142857143,0.8997354108425081,3.042592553699651,1.2431217320146346
74857,2021-12-06 00:00:00+00:00,Israel,539,1346164,1,518.4285714285714,136.79042016025795,655.2189915888293,381.6381512683135,1.8571428571428572,0.8997354108425096,2.7568782679853667,0.9574074463003476
74858,2021-12-07 00:00:00+00:00,Israel,739,1346903,2,524.2857142857143,146.30756905199956,670.593283337714,377.97814523371477,1.7142857142857142,0.7559289460185413,2.4702146603042556,0.9583567682671729
74859,2021-12-08 00:00:00+00:00,Israel,813,1347716,3,558.0,183.05554712527606,741.055547125276,374.94445287472394,1.7142857142857142,0.7559289460185413,2.4702146603042556,0.9583567682671729
74860,2021-12-09 00:00:00+00:00,Israel,715,1348431,4,579.7142857142857,192.51815004107772,772.2324357553634,387.19613567320795,2.142857142857143,1.069044967649757,3.2119021105069,1.0738121752073857
74861,2021-12-10 00:00:00+00:00,Israel,646,1349077,3,598.0,191.7567904056268,789.7567904056268,406.2432095943732,2.2857142857142856,1.11269728052843,3.3984115662427157,1.1730170051858555
74862,2021-12-11 00:00:00+00:00,Israel,607,1349684,2,615.2857142857143,185.32378358404398,800.6094978697583,429.9619307016703,2.4285714285714284,0.975900072948597,3.4044715015200255,1.4526713556228312
74863,2021-12-12 00:00:00+00:00,Israel,236,1349920,1,613.5714285714286,189.30034085447352,802.8717694259021,424.27108771695504,2.2857142857142856,1.11269728052843,3.3984115662427157,1.1730170051858555
74864,2021-12-13 00:00:00+00:00,Israel,492,1350412,2,606.8571428571429,193.1799062803298,800.0370491374726,413.67723657681313,2.4285714285714284,0.975900072948597,3.4044715015200255,1.4526713556228312
74865,2021-12-14 00:00:00+00:00,Israel,771,1351183,4,611.4285714285714,197.16563015466593,808.5942015832373,414.26294127390554,2.7142857142857144,1.1126972805284283,3.8269829948141427,1.601588433757286
74866,2021-12-15 00:00:00+00:00,Israel,701,1351884,1,595.4285714285714,182.0465665178918,777.4751379464633,413.38200491067965,2.4285714285714284,1.2724180205607525,3.700989449132181,1.156153408010676
74867,2021-12-16 00:00:00+00:00,Israel,789,1352673,1,606.0,192.02256811809252,798.0225681180925,413.9774318819075,2.0,1.1547005383793072,3.1547005383793074,0.8452994616206928
74868,2021-12-17 00:00:00+00:00,Israel,863,1353536,1,637.0,215.6223550562436,852.6223550562436,421.3776449437564,1.7142857142857142,1.1126972805284325,2.8269829948141467,0.6015884337572817
74869,2021-12-18 00:00:00+00:00,Israel,877,1354413,2,675.5714285714286,232.82458142190757,908.3960099933361,442.746847149521,1.7142857142857142,1.1126972805284325,2.8269829948141467,0.6015884337572817
74870,2021-12-19 00:00:00+00:00,Israel,392,1354805,2,697.8571428571429,186.61763811907917,884.4747809762221,511.2395047380637,1.8571428571428572,1.0690449676497582,2.926187824792615,0.788097889493099
74871,2021-12-20 00:00:00+00:00,Israel,1021,1355826,1,773.4285714285714,196.22424004427447,969.6528114728459,577.204331384297,1.7142857142857142,1.1126972805284325,2.8269829948141467,0.6015884337572817
74872,2021-12-21 00:00:00+00:00,Israel,1329,1357155,2,853.1428571428571,287.28524069957047,1140.4280978424276,565.8576164432866,1.4285714285714286,0.5345224838249739,1.9630939123964026,0.8940489447464547
74873,2021-12-22 00:00:00+00:00,Israel,1200,1358355,0,924.4285714285714,304.6275633966056,1229.056134825177,619.8010080319659,1.2857142857142858,0.755928946018544,2.04164323173283,0.5297853396957418
74874,2021-12-23 00:00:00+00:00,Israel,1418,1359773,0,1014.2857142857143,347.74018763329406,1362.0259019190084,666.5455266524202,1.1428571428571428,0.8997354108425133,2.042592553699656,0.2431217320146295
74875,2021-12-24 00:00:00+00:00,Israel,1516,1361289,1,1107.5714285714287,385.8872275431681,1493.4586561145968,721.6842010282605,1.1428571428571428,0.8997354108425133,2.042592553699656,0.2431217320146295
74876,2021-12-25 00:00:00+00:00,Israel,1791,1363080,1,1238.142857142857,444.97618983919784,1683.119046982055,793.1666673036593,1.0,0.8164965809278106,1.8164965809278106,0.18350341907218937
74877,2021-12-26 00:00:00+00:00,Israel,805,1363885,0,1297.142857142857,325.39997365879293,1622.54283080165,971.7428834840641,0.7142857142857143,0.7559289460185478,1.470214660304262,-0.04164323173283346
74878,2021-12-27 00:00:00+00:00,Israel,1803,1365688,0,1408.857142857143,348.23049290732183,1757.0876357644647,1060.626649949821,0.5714285714285714,0.7867957924695338,1.3582243638981053,-0.2153672210409624
74879,2021-12-28 00:00:00+00:00,Israel,2974,1368662,1,1643.857142857143,681.212993752426,2325.070136609569,962.6441491047169,0.42857142857142855,0.5345224838249835,0.963093912396412,-0.10595105525355492
74880,2021-12-29 00:00:00+00:00,Israel,2967,1371629,0,1896.2857142857142,805.3946681153104,2701.680382401025,1090.8910461704038,0.42857142857142855,0.5345224838249835,0.963093912396412,-0.10595105525355492
