,Date_reported,Country,New_cases,Cumulative_cases,New_deaths,MA,MSTD_cases,OTG_cases,UTG_cases,MA_d,MSTD_deaths,OTG_deaths,UTG_deaths
85471,2021-05-16 00:00:00+00:00,Netherlands,4472,1593006,13,4472.0,,,,13.0,,,
85472,2021-05-17 00:00:00+00:00,Netherlands,4424,1597430,15,4448.0,33.94112549695428,4481.941125496955,4414.058874503045,14.0,1.4142135623730951,15.414213562373096,12.585786437626904
85473,2021-05-18 00:00:00+00:00,Netherlands,2858,1600288,7,3918.0,918.3006043774554,4836.300604377456,2999.6993956225447,11.666666666666666,4.163331998932265,15.829998665598932,7.503334667734401
85474,2021-05-19 00:00:00+00:00,Netherlands,5325,1605613,13,4269.75,1028.1518613512305,5297.901861351231,3241.5981386487692,12.0,3.4641016151377544,15.464101615137753,8.535898384862247
85475,2021-05-20 00:00:00+00:00,Netherlands,4548,1610161,16,4325.4,899.0588412334312,5224.458841233431,3426.3411587665687,12.8,3.492849839314596,16.2928498393146,9.307150160685405
85476,2021-05-21 00:00:00+00:00,Netherlands,4616,1614777,19,4373.833333333333,812.8469515638641,5186.680284897197,3560.986381769469,13.833333333333334,4.020779360604939,17.854112693938273,9.812553972728395
85477,2021-05-22 00:00:00+00:00,Netherlands,4138,1618915,11,4340.142857142857,747.3590008760691,5087.501858018926,3592.7838562667876,13.428571428571429,3.823486317361109,17.25205774593254,9.60508511121032
85478,2021-05-23 00:00:00+00:00,Netherlands,3173,1622088,20,4154.571428571428,861.6893982448775,5016.260826816306,3292.882030326551,14.428571428571429,4.540820148282424,18.96939157685385,9.887751280289006
85479,2021-05-24 00:00:00+00:00,Netherlands,3423,1625511,6,4011.5714285714284,892.0494861353183,4903.620914706747,3119.5219424361103,13.142857142857142,5.520524474738834,18.663381617595977,7.622332668118308
85480,2021-05-25 00:00:00+00:00,Netherlands,2728,1628239,13,3993.0,920.9531294624425,4913.953129462442,3072.0468705375574,14.0,4.830458915396479,18.830458915396477,9.169541084603521
85481,2021-05-26 00:00:00+00:00,Netherlands,2484,1630723,15,3587.1428571428573,860.1109286154948,4447.253785758352,2727.0319285273627,14.285714285714286,4.820590756130958,19.106305041845246,9.465123529583328
85482,2021-05-27 00:00:00+00:00,Netherlands,2738,1633461,6,3328.5714285714284,792.5200012497801,4121.091429821208,2536.0514273216486,12.857142857142858,5.639993245521116,18.497136102663973,7.217149611621742
85483,2021-05-28 00:00:00+00:00,Netherlands,3375,1636836,18,3151.285714285714,561.7234533960966,3713.009167681811,2589.5622608896174,12.714285714285714,5.468524655221178,18.182810369506893,7.245761059064535
85484,2021-05-29 00:00:00+00:00,Netherlands,3839,1640675,15,3108.5714285714284,479.5438308583318,3588.11525942976,2629.027597713097,13.285714285714286,5.468524655221178,18.754238940935466,7.817189630493108
85485,2021-05-30 00:00:00+00:00,Netherlands,3345,1644020,7,3133.1428571428573,487.7319716714036,3620.874828814261,2645.4108854714536,11.428571428571429,4.995235825502231,16.423807254073658,6.433335603069198
85486,2021-05-31 00:00:00+00:00,Netherlands,2622,1646642,7,3018.714285714286,502.1433109799464,3520.857596694232,2516.5709747343394,11.571428571428571,4.825527358301296,16.396955929729867,6.745901213127275
85487,2021-06-01 00:00:00+00:00,Netherlands,2020,1648662,2,2917.5714285714284,626.3909474502464,3543.9623760216746,2291.1804811211823,10.0,5.94418483337567,15.944184833375669,4.05581516662433
85488,2021-06-02 00:00:00+00:00,Netherlands,2480,1651142,8,2917.0,626.8540499988799,3543.85404999888,2290.14595000112,9.0,5.537749241945383,14.537749241945383,3.4622507580546174
85489,2021-06-03 00:00:00+00:00,Netherlands,2559,1653701,11,2891.4285714285716,638.9081460175768,3530.336717446148,2252.520425410995,9.714285714285714,5.407226205560041,15.121511919845755,4.307059508725673
85490,2021-06-04 00:00:00+00:00,Netherlands,2761,1656462,13,2803.714285714286,602.5688658528883,3406.283151567174,2201.1454198613974,9.0,4.358898943540673,13.358898943540673,4.641101056459327
85491,2021-06-05 00:00:00+00:00,Netherlands,2395,1658857,10,2597.4285714285716,403.2967712668715,3000.725342695443,2194.1318001617,8.285714285714286,3.545621041711672,11.831335327425958,4.7400932440026144
85492,2021-06-06 00:00:00+00:00,Netherlands,2118,1660975,6,2422.1428571428573,268.2669246424913,2690.4097817853485,2153.875932500366,8.142857142857142,3.625307868699861,11.768165011557004,4.517549274157281
85493,2021-06-07 00:00:00+00:00,Netherlands,1569,1662544,3,2271.714285714286,400.27312104183113,2671.987406756117,1871.4411646724548,7.571428571428571,4.117326918327101,11.688755489755671,3.4541016531014703
85494,2021-06-08 00:00:00+00:00,Netherlands,1468,1664012,4,2192.8571428571427,500.06313887062265,2692.9202817277655,1692.79400398652,7.857142857142857,3.716116764786031,11.573259621928887,4.141026092356826
85495,2021-06-09 00:00:00+00:00,Netherlands,1437,1665449,13,2043.857142857143,552.8473051911706,2596.7044480483137,1491.0098376659723,8.571428571428571,4.197504927816954,12.768933499245525,4.373923643611617
85496,2021-06-10 00:00:00+00:00,Netherlands,1751,1667200,6,1928.4285714285713,510.06008049472155,2438.4886519232928,1418.36849093385,7.857142857142857,4.1403933560541235,11.99753621319698,3.7167495010887333
85497,2021-06-11 00:00:00+00:00,Netherlands,1578,1668778,4,1759.4285714285713,363.01187177228053,2122.440443200852,1396.4166996562908,6.571428571428571,3.644957377763732,10.216385949192304,2.926471193664839
85498,2021-06-12 00:00:00+00:00,Netherlands,1390,1670168,3,1615.857142857143,251.2975849276538,1867.1547277847967,1364.559557929489,5.571428571428571,3.5050983275386516,9.076526898967224,2.0663302438899196
85499,2021-06-13 00:00:00+00:00,Netherlands,1240,1671408,1,1490.4285714285713,162.22295063979257,1652.6515220683639,1328.2056207887788,4.857142857142857,3.891382420536062,8.748525277678919,0.9657604366067947
85500,2021-06-14 00:00:00+00:00,Netherlands,1041,1672449,3,1415.0,228.72253933531488,1643.7225393353149,1186.2774606646851,4.857142857142857,3.891382420536062,8.748525277678919,0.9657604366067947
85501,2021-06-15 00:00:00+00:00,Netherlands,879,1673328,3,1330.857142857143,302.4375575064556,1633.2947003635986,1028.4195853506872,4.714285714285714,3.9460649476951755,8.660350661980889,0.768220766590539
85502,2021-06-16 00:00:00+00:00,Netherlands,1040,1674368,1,1274.142857142857,316.12941894705693,1590.2722760899142,958.0134381958002,3.0,1.7320508075688612,4.732050807568861,1.2679491924311388
85503,2021-06-17 00:00:00+00:00,Netherlands,1024,1675392,4,1170.2857142857142,244.71120004725051,1414.9969143329647,925.5745142384637,2.7142857142857144,1.2535663410559943,3.9678520553417087,1.4607193732297201
85504,2021-06-18 00:00:00+00:00,Netherlands,1059,1676451,4,1096.142857142857,166.82069073450293,1262.96354787736,929.3221664083542,2.7142857142857144,1.2535663410559943,3.9678520553417087,1.4607193732297201
85505,2021-06-19 00:00:00+00:00,Netherlands,891,1677342,3,1024.857142857143,120.50923695082389,1145.3663798079667,904.347905906319,2.7142857142857144,1.2535663410559943,3.9678520553417087,1.4607193732297201
85506,2021-06-20 00:00:00+00:00,Netherlands,693,1678035,1,946.7142857142857,134.30898987743967,1081.0232755917255,812.405295836846,2.7142857142857144,1.2535663410559943,3.9678520553417087,1.4607193732297201
85507,2021-06-21 00:00:00+00:00,Netherlands,712,1678747,1,899.7142857142857,152.1903569937927,1051.9046427080784,747.5239287204929,2.4285714285714284,1.3972762620115224,3.825847690582951,1.031295166559906
85508,2021-06-22 00:00:00+00:00,Netherlands,569,1679316,1,855.4285714285714,197.56252777524784,1052.9910992038192,657.8660436533236,2.142857142857143,1.4638501094227787,3.6067072522799215,0.6790070334343641
85509,2021-06-23 00:00:00+00:00,Netherlands,698,1680014,6,806.5714285714286,186.27654812387266,992.8479766953012,620.2948804475559,2.857142857142857,1.9518001458970515,4.808943003039909,0.9053427112458057
85510,2021-06-24 00:00:00+00:00,Netherlands,666,1680680,1,755.4285714285714,164.50416118631156,919.932732614883,590.9244102422599,2.4285714285714284,1.9880595947759947,4.416631023347423,0.4405118337954337
85511,2021-06-25 00:00:00+00:00,Netherlands,696,1681376,1,703.5714285714286,95.67454754328259,799.2459761147111,607.896881028146,2.0,1.9148542155126598,3.9148542155126598,0.08514578448734023
85512,2021-06-26 00:00:00+00:00,Netherlands,647,1682023,5,668.7142857142857,49.138288824135174,717.8525745384209,619.5759968901505,2.2857142857142856,2.214669705568269,4.500383991282554,0.07104458014601667
85513,2021-06-27 00:00:00+00:00,Netherlands,555,1682578,0,649.0,63.387695966903884,712.3876959669038,585.6123040330962,2.142857142857143,2.3401261667248656,4.482983309582009,-0.19726902386772283
85514,2021-06-28 00:00:00+00:00,Netherlands,501,1683079,1,618.8571428571429,77.11772077243603,695.974863629579,541.7394220847068,2.142857142857143,2.3401261667248656,4.482983309582009,-0.19726902386772283
85515,2021-06-29 00:00:00+00:00,Netherlands,567,1683646,0,618.5714285714286,77.3366173358063,695.9080459072349,541.2348112356223,2.0,2.4494897427831654,4.4494897427831654,-0.44948974278316545
85516,2021-06-30 00:00:00+00:00,Netherlands,528,1684174,4,594.2857142857143,74.89039610366551,669.1761103893798,519.3953181820489,1.7142857142857142,1.9760470401186911,3.6903327544044053,-0.26176132583297695
85517,2021-07-01 00:00:00+00:00,Netherlands,640,1684814,0,590.5714285714286,71.2995024359324,661.8709310073609,519.2719261354962,1.5714285714285714,2.0701966780270467,3.6416252494556183,-0.49876810659847526
85518,2021-07-02 00:00:00+00:00,Netherlands,823,1685637,4,608.7142857142857,108.86186091509408,717.5761466293798,499.85242479919157,2.0,2.2360679774997756,4.236067977499776,-0.2360679774997756
85519,2021-07-03 00:00:00+00:00,Netherlands,940,1686577,6,650.5714285714286,166.89603264990555,817.4674612213341,483.675395921523,2.142857142857143,2.478478796128198,4.621335938985341,-0.3356216532710552
85520,2021-07-04 00:00:00+00:00,Netherlands,1123,1687700,1,731.7142857142857,236.32302348388373,968.0373091981694,495.39126223040194,2.2857142857142856,2.3603873774083164,4.646101663122602,-0.0746730916940308
85521,2021-07-05 00:00:00+00:00,Netherlands,1202,1688902,0,831.8571428571429,268.5860684966167,1100.4432113537596,563.2710743605262,2.142857142857143,2.478478796128198,4.621335938985341,-0.3356216532710552
85522,2021-07-06 00:00:00+00:00,Netherlands,1514,1690416,1,967.1428571428571,341.53693239599966,1308.6797895388568,625.6059247468575,2.2857142857142856,2.3603873774083164,4.646101663122602,-0.0746730916940308
85523,2021-07-07 00:00:00+00:00,Netherlands,2197,1692613,1,1205.5714285714287,519.8797480003875,1725.4511765718162,685.6916805710412,1.8571428571428572,2.267786838055349,4.124929695198206,-0.410643980912492
85524,2021-07-08 00:00:00+00:00,Netherlands,3609,1696222,2,1629.7142857142858,984.7984081840809,2614.5126938983667,644.9158775302049,2.142857142857143,2.1157009420498007,4.2585580849069435,0.027156200807342046
85525,2021-07-09 00:00:00+00:00,Netherlands,5400,1701622,2,2283.5714285714284,1652.8021516143272,3936.3735801857556,630.7692769571013,1.8571428571428572,1.9518001458970502,3.808943003039907,-0.09465728875419299
85526,2021-07-10 00:00:00+00:00,Netherlands,6886,1708508,2,3133.0,2262.6309170226295,5395.63091702263,870.3690829773705,1.2857142857142858,0.7559289460184109,2.0416432317326967,0.5297853396958749
85527,2021-07-11 00:00:00+00:00,Netherlands,10230,1718738,1,4434.0,3296.3640070032725,7730.3640070032725,1137.6359929967275,1.2857142857142858,0.7559289460184109,2.0416432317326967,0.5297853396958749
85528,2021-07-12 00:00:00+00:00,Netherlands,9314,1728052,1,5592.857142857143,3395.1931917821425,8988.050334639285,2197.6639510750006,1.4285714285714286,0.534522483824788,1.9630939123962166,0.8940489447466407
85529,2021-07-13 00:00:00+00:00,Netherlands,8442,1736494,0,6582.571428571428,2994.100302102056,9576.671730673484,3588.4711264693724,1.2857142857142858,0.7559289460184109,2.0416432317326967,0.5297853396958749
85530,2021-07-14 00:00:00+00:00,Netherlands,7808,1744302,3,7384.142857142857,2293.4196031669567,9677.562460309813,5090.723253975901,1.5714285714285714,0.9759000729485002,2.5473286443770715,0.5955284984800712
85531,2021-07-15 00:00:00+00:00,Netherlands,10412,1754714,1,8356.0,1819.4922368617035,10175.492236861704,6536.5077631382965,1.4285714285714286,0.9759000729484998,2.4044715015199283,0.4526713556229288
85532,2021-07-16 00:00:00+00:00,Netherlands,10985,1765699,3,9153.857142857143,1504.4924314168156,10658.349574273958,7649.3647114403275,1.5714285714285714,1.1338934190276533,2.7053219904562247,0.4375351524009181
85533,2021-07-17 00:00:00+00:00,Netherlands,11269,1776968,2,9780.0,1301.7458789384887,11081.74587893849,8478.25412106151,1.5714285714285714,1.1338934190276533,2.7053219904562247,0.4375351524009181
85534,2021-07-18 00:00:00+00:00,Netherlands,11060,1788028,0,9898.57142857143,1384.7225783699866,11283.294006941416,8513.848850201442,1.4285714285714286,1.272418020560678,2.7009894491321065,0.1561534080107505
85535,2021-07-19 00:00:00+00:00,Netherlands,10188,1798216,1,10023.42857142857,1362.452428177815,11385.880999606386,8660.976143250755,1.4285714285714286,1.272418020560678,2.7009894491321065,0.1561534080107505
85536,2021-07-20 00:00:00+00:00,Netherlands,8877,1807093,2,10085.57142857143,1286.0799427125921,11371.65137128402,8799.491485858838,1.7142857142857142,1.112697280528345,2.8269829948140592,0.6015884337573691
85537,2021-07-21 00:00:00+00:00,Netherlands,6779,1813872,5,9938.57142857143,1608.2511057193851,11546.822534290815,8330.320322852043,2.0,1.632993161855433,3.632993161855433,0.367006838144567
85538,2021-07-22 00:00:00+00:00,Netherlands,6874,1820746,3,9433.142857142857,1953.547493541894,11386.69035068475,7479.595363600963,2.2857142857142856,1.6035674514745275,3.889281737188813,0.6821468342397581
85539,2021-07-23 00:00:00+00:00,Netherlands,6239,1826985,3,8755.142857142857,2139.8826625597535,10895.02551970261,6615.260194583103,2.2857142857142856,1.6035674514745275,3.889281737188813,0.6821468342397581
85540,2021-07-24 00:00:00+00:00,Netherlands,6380,1833365,3,8056.714285714285,1974.0734294250344,10030.78771513932,6082.640856289251,2.4285714285714284,1.6183471874253554,4.046918615996784,0.8102242411460729
85541,2021-07-25 00:00:00+00:00,Netherlands,5261,1838626,4,7228.285714285715,1701.6673895805607,8929.953103866275,5526.618324705154,3.0,1.2909944487357834,4.290994448735783,1.7090055512642166
85542,2021-07-26 00:00:00+00:00,Netherlands,4609,1843235,4,6431.285714285715,1355.7480978271449,7787.03381211286,5075.53761645857,3.4285714285714284,0.9759000729485046,4.404471501519933,2.4526713556229236
85543,2021-07-27 00:00:00+00:00,Netherlands,3840,1847075,1,5711.714285714285,1164.5513748916035,6876.265660605889,4547.162910822682,3.2857142857142856,1.253566341055995,4.539280626770281,2.0321479446582904
85544,2021-07-28 00:00:00+00:00,Netherlands,3984,1851059,3,5312.428571428572,1215.6598835122318,6528.088454940804,4096.768687916339,3.0,0.9999999999999711,3.999999999999971,2.000000000000029
85545,2021-07-29 00:00:00+00:00,Netherlands,3451,1854510,8,4823.428571428572,1170.4370774975364,5993.865648926108,3652.991493931035,3.7142857142857144,2.1380899352993823,5.852375649585097,1.5761957789863321
85546,2021-07-30 00:00:00+00:00,Netherlands,4457,1858967,3,4568.857142857143,991.3222531164281,5560.179395973571,3577.534889740715,3.7142857142857144,2.1380899352993823,5.852375649585097,1.5761957789863321
85547,2021-07-31 00:00:00+00:00,Netherlands,3438,1862405,6,4148.571428571428,665.63725284946,4814.208681420889,3482.9341757219686,4.142857142857143,2.267786838055352,6.410643980912495,1.8750703048017914
85548,2021-08-01 00:00:00+00:00,Netherlands,2945,1865350,6,3817.714285714286,592.0669202845764,4409.781205998862,3225.647365429709,4.428571428571429,2.3704530408863973,6.799024469457827,2.0581183876850315
85549,2021-08-02 00:00:00+00:00,Netherlands,2319,1867669,2,3490.5714285714284,704.0494436100674,4194.6208721814955,2786.521984961361,4.142857142857143,2.544836041121397,6.68769318397854,1.5980211017357462
85550,2021-08-03 00:00:00+00:00,Netherlands,2106,1869775,0,3242.8571428571427,850.4425178637906,4093.2996607209334,2392.414624993352,4.0,2.768874620972682,6.7688746209726816,1.231125379027318
85551,2021-08-04 00:00:00+00:00,Netherlands,2222,1871997,3,2991.1428571428573,855.2632009254062,3846.4060580682635,2135.879656217451,4.0,2.768874620972682,6.7688746209726816,1.231125379027318
85552,2021-08-05 00:00:00+00:00,Netherlands,2815,1874812,7,2900.285714285714,831.727462230628,3732.0131765163424,2068.558252055086,3.857142857142857,2.544836041121397,6.401978898264254,1.3123068160214602
85553,2021-08-06 00:00:00+00:00,Netherlands,3402,1878214,11,2749.5714285714284,550.7536827363472,3300.325111307776,2198.817745835081,5.0,3.651483716701101,8.651483716701101,1.348516283298899
