,Date_reported,Country,New_cases,Cumulative_cases,New_deaths,MA,MSTD_cases,OTG_cases,UTG_cases,MA_d,MSTD_deaths,OTG_deaths,UTG_deaths
147492,2021-10-02 00:00:00+00:00,Spain,1830,4989540,32,1830.0,,,,32.0,,,
147493,2021-10-03 00:00:00+00:00,Spain,1900,4991440,27,1865.0,49.49747468305833,1914.4974746830583,1815.5025253169417,29.5,3.5355339059327378,33.03553390593274,25.964466094067262
147494,2021-10-04 00:00:00+00:00,Spain,966,4992406,30,1565.3333333333333,520.2166215465759,2085.549954879909,1045.1167117867574,29.666666666666668,2.516611478423583,32.18327814509025,27.150055188243083
147495,2021-10-05 00:00:00+00:00,Spain,674,4993080,19,1342.5,615.6587258105474,1958.1587258105474,726.8412741894526,27.0,5.715476066494083,32.715476066494084,21.284523933505916
147496,2021-10-06 00:00:00+00:00,Spain,1927,4995007,27,1459.4,593.8053553143487,2053.2053553143487,865.5946446856514,27.0,4.949747468305833,31.949747468305834,22.050252531694166
147497,2021-10-07 00:00:00+00:00,Spain,1817,4996824,11,1519.0,550.8146693761886,2069.8146693761887,968.1853306238114,24.333333333333332,7.890923055426828,32.22425638876016,16.442410277906504
147498,2021-10-08 00:00:00+00:00,Spain,1795,4998619,23,1558.4285714285713,513.5298943400982,2071.9584657686696,1044.898677088473,24.142857142857142,7.221001117771492,31.363858260628636,16.92185602508565
147499,2021-10-09 00:00:00+00:00,Spain,1694,5000313,26,1539.0,504.0277770123389,2043.027777012339,1034.972222987661,23.285714285714285,6.447590912226719,29.733305197941004,16.838123373487566
147500,2021-10-10 00:00:00+00:00,Spain,1841,5002154,16,1530.5714285714287,497.4350400279609,2028.0064685993896,1033.1363885434678,21.714285714285715,6.7259270913454925,28.44021280563121,14.988358622940222
147501,2021-10-11 00:00:00+00:00,Spain,876,5003030,16,1517.7142857142858,515.3017608759985,2033.0160465902843,1002.4125248382873,19.714285714285715,5.879747322073335,25.59403303635905,13.83453839221238
147502,2021-10-12 00:00:00+00:00,Spain,516,5003546,16,1495.142857142857,559.944470035922,2055.087327178779,935.1983871069351,19.285714285714285,6.047431568147633,25.333145853861918,13.238282717566651
147503,2021-10-13 00:00:00+00:00,Spain,1996,5005542,19,1505.0,569.3423106239925,2074.3423106239925,935.6576893760075,18.142857142857142,5.014265364224068,23.157122507081212,13.128591778633075
147504,2021-10-14 00:00:00+00:00,Spain,815,5006357,17,1361.857142857143,602.8032925621836,1964.6604354193264,759.0538502949593,19.0,3.999999999999997,22.999999999999996,15.000000000000004
147505,2021-10-15 00:00:00+00:00,Spain,1897,5008254,18,1376.4285714285713,616.1046602493382,1992.5332316779095,760.3239111792332,18.285714285714285,3.592319850008053,21.878034135722338,14.693394435706232
147506,2021-10-16 00:00:00+00:00,Spain,2052,5010306,17,1427.5714285714287,660.1446450445178,2087.7160736159467,767.4267835269109,17.0,1.1547005383792412,18.15470053837924,15.845299461620758
147507,2021-10-17 00:00:00+00:00,Spain,2025,5012331,18,1453.857142857143,682.6305561505991,2136.487699007742,771.2265867065438,17.285714285714285,1.112697280528363,18.398411566242647,16.173017005185923
147508,2021-10-18 00:00:00+00:00,Spain,1114,5013445,14,1487.857142857143,654.395249720796,2142.2523925779387,833.4618931363469,17.0,1.6329931618554447,18.632993161855445,15.367006838144555
147509,2021-10-19 00:00:00+00:00,Spain,766,5014211,13,1523.5714285714287,596.8028309648163,2120.374259536245,926.7685976066124,16.571428571428573,2.2253945610567416,18.796823132485315,14.346034010371831
147510,2021-10-20 00:00:00+00:00,Spain,2152,5016363,15,1545.857142857143,619.8519792583356,2165.7091221154787,926.0051635988073,16.0,1.9999999999999947,17.999999999999993,14.000000000000005
147511,2021-10-21 00:00:00+00:00,Spain,2065,5018428,17,1724.4285714285713,550.3698323681563,2274.7984037967276,1174.058739060415,16.0,1.9999999999999947,17.999999999999993,14.000000000000005
147512,2021-10-22 00:00:00+00:00,Spain,2080,5020508,22,1750.5714285714287,564.108103452656,2314.6795320240844,1186.4633251187727,16.571428571428573,2.992052966172379,19.563481537600953,13.579375605256194
147513,2021-10-23 00:00:00+00:00,Spain,1969,5022477,21,1738.7142857142858,557.5505102038483,2296.264795918134,1181.1637755104375,17.142857142857142,3.436498771936895,20.579355914794036,13.706358370920247
147514,2021-10-24 00:00:00+00:00,Spain,2103,5024580,14,1749.857142857143,564.9558769117664,2314.8130197689093,1184.9012659453765,16.571428571428573,3.5989416433697468,20.170370214798318,12.972486928058826
147515,2021-10-25 00:00:00+00:00,Spain,1119,5025699,14,1750.5714285714287,564.020347488415,2314.5917760598436,1186.5510810830137,16.571428571428573,3.5989416433697468,20.170370214798318,12.972486928058826
147516,2021-10-26 00:00:00+00:00,Spain,834,5026533,14,1760.2857142857142,544.4837659917616,2304.769480277476,1215.8019482939526,16.714285714285715,3.4503277967117683,20.164613510997484,13.263957917573947
147517,2021-10-27 00:00:00+00:00,Spain,2275,5028808,14,1777.857142857143,560.9671495347503,2338.8242923918933,1216.8899933223925,16.571428571428573,3.5523298860110955,20.123758457439667,13.019098685417477
147518,2021-10-28 00:00:00+00:00,Spain,2082,5030890,18,1780.2857142857142,562.4522836904224,2342.7379979761367,1217.8334305952917,16.714285714285715,3.5923198500080535,20.30660556429377,13.121965864277662
147519,2021-10-29 00:00:00+00:00,Spain,2100,5032990,15,1783.142857142857,564.2763591750141,2347.4192163178714,1218.8664979678429,15.714285714285714,2.7516228977511714,18.465908612036884,12.962662816534543
147520,2021-10-30 00:00:00+00:00,Spain,2122,5035112,18,1805.0,575.5264256892699,2380.5264256892697,1229.47357431073,15.285714285714286,1.8898223650461312,17.175536650760417,13.395891920668156
147521,2021-10-31 00:00:00+00:00,Spain,2432,5037544,8,1852.0,615.9337085542026,2467.9337085542024,1236.0662914457976,14.428571428571429,3.3594217189442395,17.787993147515667,11.06914970962719
147522,2021-11-01 00:00:00+00:00,Spain,1349,5038893,19,1884.857142857143,575.0954786153422,2459.952621472485,1309.7616642418006,15.142857142857142,3.76069902316805,18.903556166025194,11.382158119689093
147523,2021-11-02 00:00:00+00:00,Spain,932,5039825,11,1898.857142857143,545.6911301494735,2444.5482730066165,1353.1660127076693,14.714285714285714,4.070801956792857,18.78508767107857,10.643483757492856
147524,2021-11-03 00:00:00+00:00,Spain,993,5040818,12,1715.7142857142858,609.77829694781,2325.4925826620956,1105.935988766476,14.428571428571429,4.1975049278169525,18.62607635638838,10.231066500754476
147525,2021-11-04 00:00:00+00:00,Spain,2911,5043729,9,1834.142857142857,755.7934966138631,2589.93635375672,1078.349360528994,13.142857142857142,4.298393941484476,17.44125108434162,8.844463201372665
147526,2021-11-05 00:00:00+00:00,Spain,2905,5046634,14,1949.142857142857,857.401389581999,2806.544246724856,1091.7414675608582,13.0,4.242640687119282,17.242640687119284,8.757359312880718
147527,2021-11-06 00:00:00+00:00,Spain,2960,5049594,8,2068.8571428571427,940.0757821529476,3008.93292501009,1128.781360704195,11.571428571428571,3.952094080237411,15.523522651665981,7.61933449119116
147528,2021-11-07 00:00:00+00:00,Spain,3194,5052788,10,2177.714285714286,1029.0431986859953,3206.757484400281,1148.6710870282905,11.857142857142858,3.7161167647860287,15.573259621928887,8.141026092356828
147529,2021-11-08 00:00:00+00:00,Spain,1817,5054605,14,2244.5714285714284,980.2752771786194,3224.846705750048,1264.296151392809,11.142857142857142,2.3401261667248727,13.482983309582014,8.80273097613227
147530,2021-11-09 00:00:00+00:00,Spain,1192,5055797,20,2281.714285714286,925.656832432285,3207.3711181465706,1356.0574532820008,12.428571428571429,4.0766466144427564,16.505218043014185,8.351924814128672
147531,2021-11-10 00:00:00+00:00,Spain,3436,5059233,26,2630.714285714286,812.406653978518,3443.120939692804,1818.3076317357677,14.428571428571429,6.528326555791123,20.956897984362552,7.900244872780306
147532,2021-11-11 00:00:00+00:00,Spain,3854,5063087,24,2765.4285714285716,935.4909329941609,3700.9195044227326,1829.9376384344107,16.571428571428573,6.90065559342354,23.472084164852113,9.670772978005033
147533,2021-11-12 00:00:00+00:00,Spain,3838,5066925,22,2898.714285714286,1021.2274827033257,3919.9417684176115,1877.48680301096,17.714285714285715,7.064330251677215,24.77861596596293,10.6499554626085
147534,2021-11-13 00:00:00+00:00,Spain,4359,5071284,15,3098.5714285714284,1162.3619426470766,4260.933371218505,1936.2094859243518,18.714285714285715,5.851332774513445,24.56561848879916,12.86295293977227
147535,2021-11-14 00:00:00+00:00,Spain,4864,5076148,26,3337.1428571428573,1342.6173975449879,4679.760254687845,1994.5254595978695,21.0,4.9328828623162435,25.932882862316244,16.067117137683756
147536,2021-11-15 00:00:00+00:00,Spain,2875,5079023,16,3488.285714285714,1194.3311537265972,4682.616868012312,2293.954560559117,21.285714285714285,4.498677054212183,25.78439133992647,16.7870372315021
147537,2021-11-16 00:00:00+00:00,Spain,2128,5081151,16,3622.0,913.8612221411591,4535.8612221411595,2708.138777858841,20.714285714285715,4.923220007078213,25.63750572136393,15.791065707207501
147538,2021-11-17 00:00:00+00:00,Spain,5628,5086779,21,3935.1428571428573,1177.1352837250593,5112.278140867917,2758.007573417798,20.0,4.358898943540669,24.35889894354067,15.64110105645933
147539,2021-11-18 00:00:00+00:00,Spain,6373,5093152,21,4295.0,1491.3063624442386,5786.306362444238,2803.6936375557616,19.571428571428573,4.03555625480729,23.606984826235863,15.535872316621283
147540,2021-11-19 00:00:00+00:00,Spain,6401,5099553,21,4661.142857142857,1664.9289703138918,6326.071827456749,2996.213886828965,19.428571428571427,3.952094080237409,23.380665508808836,15.476477348334019
147541,2021-11-20 00:00:00+00:00,Spain,6857,5106410,21,5018.0,1847.114867390042,6865.1148673900425,3170.885132609958,20.285714285714285,3.4503277967117647,23.73604208242605,16.83538648900252
147542,2021-11-21 00:00:00+00:00,Spain,7737,5114147,9,5428.428571428572,2107.964409657087,7536.392981085659,3320.4641617714847,17.857142857142858,4.561745697594701,22.41888855473756,13.295397159548155
147543,2021-11-22 00:00:00+00:00,Spain,4462,5118609,18,5655.142857142857,1858.1027446090834,7513.24560175194,3797.0401125337735,18.142857142857142,4.488079449258569,22.63093659211571,13.654777693598573
147544,2021-11-23 00:00:00+00:00,Spain,3149,5121758,25,5801.0,1549.5359520406957,7350.5359520406955,4251.4640479593045,19.428571428571427,5.02849025908515,24.457061687656577,14.400081169486278
147545,2021-11-24 00:00:00+00:00,Spain,8065,5129823,24,6149.142857142857,1763.2220911890656,7912.364948331922,4385.9207659537915,19.857142857142858,5.3049841793220365,25.162127036464895,14.55215867782082
147546,2021-11-25 00:00:00+00:00,Spain,9044,5138867,17,6530.714285714285,2080.2492410194272,8610.963526733713,4450.465044694858,19.285714285714285,5.3763149000743855,24.66202918578867,13.9093993856399
147547,2021-11-26 00:00:00+00:00,Spain,9557,5148424,15,6981.571428571428,2369.3633362250753,9350.934764796504,4612.208092346353,18.428571428571427,5.533448076836681,23.962019505408108,12.895123351734746
147548,2021-11-27 00:00:00+00:00,Spain,9880,5158304,25,7413.428571428572,2606.503459754904,10019.932031183474,4806.925111673668,19.0,6.027713773341704,25.027713773341702,12.972286226658296
147549,2021-11-28 00:00:00+00:00,Spain,11014,5169318,24,7881.571428571428,2946.423643285922,10827.995071857351,4935.147785285506,21.142857142857142,4.298393941484475,25.441251084341616,16.84446320137267
147550,2021-11-29 00:00:00+00:00,Spain,6731,5176049,26,8205.714285714286,2613.533349974431,10819.247635688716,5592.180935739855,22.285714285714285,4.386125310350266,26.67183959606455,17.89958897536402
147551,2021-11-30 00:00:00+00:00,Spain,4523,5180572,18,8402.0,2187.29924793111,10589.29924793111,6214.700752068889,21.285714285714285,4.4614753058558865,25.74718959157017,16.8242389798584
147552,2021-12-01 00:00:00+00:00,Spain,11381,5191953,30,8875.714285714286,2445.9389277116543,11321.65321342594,6429.775358002632,22.142857142857142,5.520524474738831,27.663381617595974,16.62233266811831
147553,2021-12-02 00:00:00+00:00,Spain,13118,5205071,37,9457.714285714286,2929.5421550295596,12387.256440743846,6528.172130684727,25.0,7.302967433402215,32.302967433402216,17.697032566597784
147554,2021-12-03 00:00:00+00:00,Spain,14108,5219179,25,10107.857142857143,3419.303117526115,13527.160260383258,6688.554025331028,26.428571428571427,5.8554004376912,32.283971866262625,20.57317099088023
147555,2021-12-04 00:00:00+00:00,Spain,15263,5234442,31,10876.857142857143,3927.1247933898335,14803.981936246977,6949.732349467309,27.285714285714285,6.047431568147637,33.33314585386192,21.238282717566648
147556,2021-12-05 00:00:00+00:00,Spain,15803,5250245,30,11561.0,4349.436170355877,15910.436170355877,7211.563829644123,28.142857142857142,5.928141120356124,34.07099826321327,22.21471602250102
147557,2021-12-06 00:00:00+00:00,Spain,10864,5261109,31,12151.42857142857,3834.5412092862275,15985.969780714799,8316.887362142343,28.857142857142858,5.928141120356125,34.785283977498985,22.92900173678673
147558,2021-12-07 00:00:00+00:00,Spain,7576,5268685,35,12587.57142857143,2876.1176875053206,15463.68911607675,9711.453741066109,31.285714285714285,3.8606685826113014,35.14638286832559,27.425045703102985
147559,2021-12-08 00:00:00+00:00,Spain,7882,5276567,45,12087.714285714286,3380.5794727278003,15468.293758442087,8707.134812986485,33.42857142857143,6.373307431706688,39.801878860278116,27.055263996864742
147560,2021-12-09 00:00:00+00:00,Spain,17836,5294403,41,12761.714285714286,4028.4669008729084,16790.181186587193,8733.247384841377,34.0,6.904105059069332,40.90410505906933,27.09589494093067
147561,2021-12-10 00:00:00+00:00,Spain,11801,5306204,36,12432.142857142857,3994.1924268689345,16426.33528401179,8437.950430273922,35.57142857142857,5.652643713553956,41.224072284982526,29.918784857874613
147562,2021-12-11 00:00:00+00:00,Spain,20289,5326493,40,13150.142857142857,4929.997005697923,18080.13986284078,8220.145851444933,36.857142857142854,5.459809869356619,42.31695272649947,31.397332987786235
147563,2021-12-12 00:00:00+00:00,Spain,25163,5351656,38,14487.285714285714,6715.462895792211,21202.748610077924,7771.822818493502,38.0,4.546060565661969,42.54606056566197,33.45393943433803
147564,2021-12-13 00:00:00+00:00,Spain,16249,5367905,36,15256.57142857143,6537.296659862365,21793.868088433795,8719.274768709063,38.714285714285715,3.5456210417116965,42.25990675599741,35.16866467257402
147565,2021-12-14 00:00:00+00:00,Spain,12661,5380566,25,15983.0,5780.274070780152,21763.274070780153,10202.725929219847,37.285714285714285,6.264031867583001,43.549746153297285,31.021682418131284
147566,2021-12-15 00:00:00+00:00,Spain,26514,5407080,48,18644.714285714286,5717.693436876035,24362.40772259032,12927.020848838252,37.714285714285715,6.945365018348236,44.65965073263395,30.76892069593748
147567,2021-12-16 00:00:00+00:00,Spain,30571,5437651,42,20464.0,7240.692623407427,27704.692623407427,13223.307376592573,37.857142857142854,7.033931367037257,44.89107422418011,30.823211490105596
147568,2021-12-17 00:00:00+00:00,Spain,34835,5472486,29,23754.571428571428,7855.452752857791,31610.024181429217,15899.118675713637,36.857142857142854,7.798046153333793,44.65518901047665,29.05909670380906
147569,2021-12-18 00:00:00+00:00,Spain,36391,5508877,57,26054.85714285714,8952.455611517467,35007.31275437461,17102.401531339674,39.285714285714285,10.950103282835375,50.23581756854966,28.33561100287891
147570,2021-12-19 00:00:00+00:00,Spain,42177,5551054,49,28485.428571428572,10790.837994291627,39276.2665657202,17694.590577136943,40.857142857142854,11.509830167130644,52.3669730242735,29.34731269001221
147571,2021-12-20 00:00:00+00:00,Spain,25413,5576467,49,29794.571428571428,9542.586614001177,39337.158042572606,20251.98481457025,42.714285714285715,11.643514442445145,54.35780015673086,31.07077127184057
147572,2021-12-21 00:00:00+00:00,Spain,21160,5597627,46,31008.714285714286,7269.150677447039,38277.86496316132,23739.563608267246,45.714285714285715,8.635475005547105,54.34976071983282,37.07881070873861
147573,2021-12-22 00:00:00+00:00,Spain,51474,5649101,57,34574.42857142857,10219.821783461515,44794.250354890086,24354.60678796706,47.0,9.643650760992966,56.64365076099297,37.35634923900703
147574,2021-12-23 00:00:00+00:00,Spain,67955,5717056,49,39915.0,15943.921150917267,55858.92115091727,23971.078849082733,48.0,9.398581453247802,57.3985814532478,38.6014185467522
147575,2021-12-24 00:00:00+00:00,Spain,72550,5789606,42,45302.857142857145,19838.033852750064,65140.89099560721,25464.82329010708,49.857142857142854,5.490251100164491,55.34739395730735,44.36689175697836
147576,2021-12-25 00:00:00+00:00,Spain,74058,5863664,35,50683.857142857145,22007.71243169519,72691.56957455233,28676.144711161956,46.714285714285715,6.848705126136043,53.56299084042176,39.86558058814967
147577,2021-12-26 00:00:00+00:00,Spain,51484,5915148,28,52013.42857142857,21686.92281735043,73700.351388779,30326.50575407814,43.714285714285715,9.6904469404028,53.404732654688516,34.023838773882915
147578,2021-12-27 00:00:00+00:00,Spain,34501,5949649,40,53311.71428571428,20038.45994343783,73350.17422915211,33273.25434227646,42.42857142857143,9.46673373551024,51.89530516408167,32.96183769306119
147579,2021-12-28 00:00:00+00:00,Spain,33974,5983623,31,55142.28571428572,16960.72316377152,72103.00887805724,38181.562550514194,40.285714285714285,10.193368525897702,50.47908281161199,30.09234575981658
147580,2021-12-29 00:00:00+00:00,Spain,48675,6032298,17,54742.42857142857,17094.087894719083,71836.51646614766,37648.340676709486,34.57142857142857,10.469911538262746,45.04134010969132,24.101517033165823
