,Date_reported,Country,New_cases,Cumulative_cases,New_deaths,MA,MSTD_cases,OTG_cases,UTG_cases,MA_d,MSTD_deaths,OTG_deaths,UTG_deaths
150400,2021-10-02 00:00:00+00:00,Sweden,766,1153563,5,766.0,,,,5.0,,,
150401,2021-10-03 00:00:00+00:00,Sweden,698,1154261,5,732.0,48.08326112068523,780.0832611206853,683.9167388793147,5.0,0.0,5.0,5.0
150402,2021-10-04 00:00:00+00:00,Sweden,2,1154263,6,488.6666666666667,422.83487714867294,911.5015438153396,65.83178951799374,5.333333333333333,0.5773502691896257,5.910683602522958,4.755983064143708
150404,2021-10-06 00:00:00+00:00,Sweden,1192,1155455,5,664.5,492.810646530017,1157.310646530017,171.68935346998302,5.25,0.4999999999999999,5.75,4.75
150405,2021-10-07 00:00:00+00:00,Sweden,738,1156193,6,679.2,428.0504643146647,1107.2504643146647,251.14953568533537,5.4,0.5477225575051661,5.947722557505166,4.8522774424948345
150406,2021-10-08 00:00:00+00:00,Sweden,842,1157035,11,706.3333333333334,388.58598362095705,1094.9193169542905,317.7473497123763,6.333333333333333,2.338090388900024,8.671423722233357,3.995242944433309
150407,2021-10-09 00:00:00+00:00,Sweden,742,1157777,8,711.4285714285714,354.9849091359881,1066.4134805645594,356.4436622925833,6.571428571428571,2.225394561056747,8.796823132485319,4.346034010371824
150408,2021-10-10 00:00:00+00:00,Sweden,599,1158376,8,687.5714285714286,356.31533653158834,1043.8867651030168,331.2560920398402,7.0,2.1602468994692865,9.160246899469286,4.8397531005307135
150409,2021-10-11 00:00:00+00:00,Sweden,16,1158392,6,590.1428571428571,437.07681573968534,1027.2196728825425,153.06604140317177,7.142857142857143,2.035400978396429,9.178258121253572,5.107456164460714
150410,2021-10-12 00:00:00+00:00,Sweden,9,1158401,5,591.1428571428571,435.5121232799491,1026.6549804228061,155.63073386290802,7.0,2.1602468994692865,9.160246899469286,4.8397531005307135
150411,2021-10-13 00:00:00+00:00,Sweden,1120,1159521,5,580.8571428571429,419.51258565603194,1000.3697285131748,161.34455720111094,7.0,2.1602468994692865,9.160246899469286,4.8397531005307135
150412,2021-10-14 00:00:00+00:00,Sweden,905,1160426,4,604.7142857142857,434.42211203916804,1039.1363977534538,170.29217367511762,6.714285714285714,2.4299715851758235,9.144257299461538,4.284314129109891
150413,2021-10-15 00:00:00+00:00,Sweden,796,1161222,7,598.1428571428571,430.5652984048717,1028.708155547729,167.57755873798538,6.142857142857143,1.5735915849388864,7.716448727796029,4.569265557918257
150414,2021-10-16 00:00:00+00:00,Sweden,668,1161890,4,587.5714285714286,427.3409478557908,1014.9123764272193,160.23048071563778,5.571428571428571,1.5118578920369097,7.08328646346548,4.059570679391662
150415,2021-10-17 00:00:00+00:00,Sweden,565,1162455,1,582.7142857142857,427.38262103401536,1010.0969067483011,155.3316646802703,4.571428571428571,1.9023794624226855,6.473808033851257,2.6690491090058854
150416,2021-10-18 00:00:00+00:00,Sweden,14,1162469,6,582.4285714285714,427.8250643829621,1010.2536358115335,154.60350704560932,4.571428571428571,1.9023794624226855,6.473808033851257,2.6690491090058854
150418,2021-10-20 00:00:00+00:00,Sweden,1078,1163547,5,735.1428571428571,376.7680226042849,1111.910879747142,358.3748345385722,4.571428571428571,1.9023794624226855,6.473808033851257,2.6690491090058854
150419,2021-10-21 00:00:00+00:00,Sweden,818,1164365,3,692.0,340.94134392883484,1032.9413439288348,351.05865607116516,4.285714285714286,1.9760470401187096,6.261761325832995,2.309667245595576
150420,2021-10-22 00:00:00+00:00,Sweden,786,1165151,3,675.0,331.3834636791644,1006.3834636791644,343.6165363208356,4.142857142857143,2.0354009783964315,6.178258121253575,2.1074561644607117
150421,2021-10-23 00:00:00+00:00,Sweden,777,1165928,4,672.2857142857143,330.3032517176271,1002.5889660033415,341.9824625680872,3.7142857142857144,1.6035674514745493,5.317853165760264,2.110718262811165
150422,2021-10-24 00:00:00+00:00,Sweden,889,1166817,3,703.8571428571429,340.2378719716686,1044.0950148288116,363.6192708854743,3.5714285714285716,1.6183471874253772,5.189775758853949,1.9530813840031944
150423,2021-10-25 00:00:00+00:00,Sweden,525,1167342,3,698.1428571428571,343.2809483845696,1041.4238055274268,354.8619087582875,3.857142857142857,1.2149857925879155,5.0721286497307725,2.642157064554942
150424,2021-10-26 00:00:00+00:00,Sweden,319,1167661,1,741.7142857142857,248.14627022901524,989.8605559433009,493.5680154852704,3.142857142857143,1.2149857925879166,4.35784293544506,1.9278713502692262
150425,2021-10-27 00:00:00+00:00,Sweden,540,1168201,6,664.8571428571429,206.44242827111927,871.2995711282622,458.4147145860236,3.2857142857142856,1.496026483086195,4.78174076880048,1.7896878026280907
150426,2021-10-28 00:00:00+00:00,Sweden,1262,1169463,4,728.2857142857143,305.68922905772257,1033.974943343437,422.59648522799176,3.4285714285714284,1.5118578920369126,4.940429320608341,1.9167135365345158
150427,2021-10-29 00:00:00+00:00,Sweden,891,1170354,4,743.2857142857143,311.51389176392246,1054.7996060496369,431.7718225217919,3.5714285714285716,1.5118578920369123,5.083286463465484,2.0595706793916593
150428,2021-10-30 00:00:00+00:00,Sweden,1079,1171433,6,786.4285714285714,336.8441069411077,1123.2726783696792,449.5844644874637,3.857142857142857,1.7728105208558396,5.629953377998697,2.0843323362870176
150429,2021-10-31 00:00:00+00:00,Sweden,977,1172410,4,799.0,342.89794400083537,1141.8979440008354,456.10205599916463,4.0,1.7320508075688803,5.73205080756888,2.2679491924311197
150430,2021-11-01 00:00:00+00:00,Sweden,861,1173271,2,847.0,320.96573025792026,1167.9657302579203,526.0342697420797,3.857142857142857,1.8644544714716116,5.721597328614469,1.9926883856712456
150431,2021-11-02 00:00:00+00:00,Sweden,301,1173572,4,844.4285714285714,325.9344807078345,1170.363052136406,518.494090720737,4.285714285714286,1.3801311186847118,5.665845404398997,2.9055831670295738
150432,2021-11-03 00:00:00+00:00,Sweden,628,1174200,2,857.0,313.7031505526629,1170.703150552663,543.2968494473371,3.7142857142857144,1.3801311186847123,5.094416832970427,2.334154595601002
150433,2021-11-04 00:00:00+00:00,Sweden,1162,1175362,5,842.7142857142857,293.8336912187541,1136.5479769330398,548.8805944955316,3.857142857142857,1.4638501094228034,5.320992966565661,2.3932927477200536
150434,2021-11-05 00:00:00+00:00,Sweden,837,1176199,10,835.0,293.06256442382175,1128.0625644238216,541.9374355761782,4.714285714285714,2.7516228977511763,7.465908612036891,1.9626628165345381
150435,2021-11-06 00:00:00+00:00,Sweden,826,1177025,2,798.8571428571429,272.85981050802667,1071.7169533651695,525.9973323491163,4.142857142857143,2.8535691936340273,6.9964263364911705,1.289287949223116
150436,2021-11-07 00:00:00+00:00,Sweden,731,1177756,4,763.7142857142857,261.7057598943989,1025.4200456086846,502.00852581988676,4.142857142857143,2.8535691936340273,6.9964263364911705,1.289287949223116
150437,2021-11-08 00:00:00+00:00,Sweden,597,1178353,8,726.0,264.35834265884887,990.3583426588489,461.64165734115113,5.0,3.0000000000000013,8.000000000000002,1.9999999999999987
150438,2021-11-09 00:00:00+00:00,Sweden,278,1178631,2,722.7142857142857,270.59053585674076,993.3048215710264,452.1237498575449,4.714285714285714,3.1997023671109233,7.913988081396638,1.5145833471747912
150439,2021-11-10 00:00:00+00:00,Sweden,503,1179134,2,704.8571428571429,281.77616919074177,986.6333120478846,423.0809736664011,4.714285714285714,3.1997023671109233,7.913988081396638,1.5145833471747912
150440,2021-11-11 00:00:00+00:00,Sweden,1321,1180455,8,727.5714285714286,327.4720635122215,1055.04349208365,400.09936505920706,5.142857142857143,3.436498771936899,8.579355914794043,1.7063583709202441
150441,2021-11-12 00:00:00+00:00,Sweden,1020,1181475,2,753.7142857142857,344.5246552791804,1098.238940993466,409.18963043510524,4.0,2.828427124746192,6.828427124746192,1.171572875253808
150442,2021-11-13 00:00:00+00:00,Sweden,925,1182400,8,767.8571428571429,349.9754413152579,1117.8325841724009,417.881701541885,4.857142857142857,3.023715784073819,7.880858641216676,1.8334270730690378
150443,2021-11-14 00:00:00+00:00,Sweden,911,1183311,6,793.5714285714286,353.4118735709829,1146.9833021424115,440.15955500044566,5.142857142857143,3.0237157840738185,8.16657292693096,2.1191413587833248
150444,2021-11-15 00:00:00+00:00,Sweden,829,1184140,2,826.7142857142857,342.61869684617545,1169.332982560461,484.0955888681102,4.285714285714286,2.9277002188456005,7.213414504559886,1.358014066868685
150445,2021-11-16 00:00:00+00:00,Sweden,311,1184451,3,831.4285714285714,333.9270664595575,1165.355637888129,497.5015049690139,4.428571428571429,2.8199966227605593,7.248568051331988,1.6085748058108695
150446,2021-11-17 00:00:00+00:00,Sweden,574,1185025,6,841.5714285714286,323.19439823056814,1164.7658268019968,518.3770303408604,5.0,2.6457513110645916,7.645751311064592,2.3542486889354084
150447,2021-11-18 00:00:00+00:00,Sweden,1297,1186322,5,838.1428571428571,317.33495897942953,1155.4778161222866,520.8078981634276,4.571428571428571,2.299068134204442,6.870496705633013,2.2723604372241293
150448,2021-11-19 00:00:00+00:00,Sweden,1206,1187528,3,864.7142857142857,341.93406493343826,1206.6483506477239,522.7802207808475,4.714285714285714,2.1380899352993965,6.852375649585111,2.576195778986318
150449,2021-11-20 00:00:00+00:00,Sweden,1130,1188658,4,894.0,356.42951617395556,1250.4295161739556,537.5704838260444,4.142857142857143,1.573591584938889,5.716448727796032,2.5692655579182544
150450,2021-11-21 00:00:00+00:00,Sweden,1314,1189972,6,951.5714285714286,390.5469912583535,1342.118419829782,561.024437313075,4.142857142857143,1.573591584938889,5.716448727796032,2.5692655579182544
150451,2021-11-22 00:00:00+00:00,Sweden,1092,1191064,2,989.1428571428571,389.4390960391748,1378.5819531820318,599.7037611036824,4.142857142857143,1.573591584938889,5.716448727796032,2.5692655579182544
150452,2021-11-23 00:00:00+00:00,Sweden,482,1191546,3,1013.5714285714286,342.3243379909651,1355.8957665623936,671.2470905804635,4.142857142857143,1.573591584938889,5.716448727796032,2.5692655579182544
150453,2021-11-24 00:00:00+00:00,Sweden,953,1192499,3,1067.7142857142858,286.6593299171886,1354.3736156314744,781.0549557970971,3.7142857142857144,1.3801311186847125,5.094416832970427,2.334154595601002
150454,2021-11-25 00:00:00+00:00,Sweden,2077,1194576,4,1179.142857142857,478.22812846709786,1657.370985609955,700.9147286757593,3.5714285714285716,1.2724180205607083,4.84384659198928,2.2990105508678633
150455,2021-11-26 00:00:00+00:00,Sweden,2107,1196683,2,1307.857142857143,593.9190260665252,1901.7761689236681,713.9381167906176,3.4285714285714284,1.3972762620115482,4.825847690582977,2.03129516655988
150456,2021-11-27 00:00:00+00:00,Sweden,2115,1198798,0,1448.5714285714287,657.9870457546659,2106.5584743260947,790.5843828167627,2.857142857142857,1.8644544714716131,4.72159732861447,0.9926883856712441
150457,2021-11-28 00:00:00+00:00,Sweden,2025,1200823,2,1550.142857142857,687.9468071906504,2238.0896643335072,862.1960499522067,2.2857142857142856,1.253566341056025,3.5392806267703105,1.0321479446582607
150458,2021-11-29 00:00:00+00:00,Sweden,1759,1202582,2,1645.4285714285713,659.5194859751703,2304.9480574037416,985.9090854534011,2.2857142857142856,1.253566341056025,3.5392806267703105,1.0321479446582607
150459,2021-11-30 00:00:00+00:00,Sweden,880,1203462,2,1702.2857142857142,550.6785857121241,2252.964299997838,1151.6071285735902,2.142857142857143,1.21498579258792,3.3578429354450625,0.9278713502692228
150460,2021-12-01 00:00:00+00:00,Sweden,1347,1204809,6,1758.5714285714287,476.46330993507377,2235.0347385065024,1282.108118636355,2.5714285714285716,1.9023794624226882,4.47380803385126,0.6690491090058834
150461,2021-12-02 00:00:00+00:00,Sweden,2657,1207466,5,1841.4285714285713,580.2045205910465,2421.633092019618,1261.2240508375248,2.7142857142857144,2.058663459163555,4.77294917344927,0.6556222551221595
150462,2021-12-03 00:00:00+00:00,Sweden,2424,1209890,2,1886.7142857142858,615.6743496052967,2502.3886353195826,1271.039936108989,2.7142857142857144,2.058663459163555,4.77294917344927,0.6556222551221595
150463,2021-12-04 00:00:00+00:00,Sweden,2207,1212097,4,1899.857142857143,622.3060416899469,2522.1631845470897,1277.551101167196,3.2857142857142856,1.704336206492697,4.990050492206983,1.5813780792215886
150464,2021-12-05 00:00:00+00:00,Sweden,2154,1214251,2,1918.2857142857142,628.5087414628682,2546.7944557485825,1289.776972822846,3.2857142857142856,1.704336206492697,4.990050492206983,1.5813780792215886
150465,2021-12-06 00:00:00+00:00,Sweden,2084,1216335,4,1964.7142857142858,626.7827146855375,2591.4970003998233,1337.9315710287483,3.5714285714285716,1.6183471874253774,5.1897757588539495,1.9530813840031942
150466,2021-12-07 00:00:00+00:00,Sweden,927,1217262,5,1971.4285714285713,613.3337474118689,2584.7623188404405,1358.0948240167024,4.0,1.5275252316519494,5.52752523165195,2.4724747683480506
150467,2021-12-08 00:00:00+00:00,Sweden,2255,1219517,5,2101.1428571428573,552.236491783315,2653.3793489261725,1548.9063653595422,3.857142857142857,1.3451854182691019,5.2023282754119595,2.5119574388737553
150468,2021-12-09 00:00:00+00:00,Sweden,3334,1222851,8,2197.8571428571427,704.1868664332951,2902.0440092904378,1493.6702764238476,4.285714285714286,2.0586634591635526,6.344377744877838,2.227050826550733
150469,2021-12-10 00:00:00+00:00,Sweden,3255,1226106,4,2316.5714285714284,810.66163453952,3127.2330631109485,1505.9097940319084,4.571428571428571,1.8126539343499328,6.384082505778504,2.7587746370786386
150470,2021-12-11 00:00:00+00:00,Sweden,3072,1229178,6,2440.1428571428573,855.8437218268747,3295.986578969732,1584.2991353159828,4.857142857142857,1.8644544714716098,6.721597328614466,2.992688385671247
150471,2021-12-12 00:00:00+00:00,Sweden,2868,1232046,3,2542.1428571428573,858.6003006000387,3400.743157742896,1683.5425565428186,5.0,1.632993161855453,6.6329931618554525,3.367006838144547
150472,2021-12-13 00:00:00+00:00,Sweden,2395,1234441,4,2586.5714285714284,838.759571657826,3425.3310002292546,1747.8118569136025,5.0,1.632993161855453,6.6329931618554525,3.367006838144547
150473,2021-12-14 00:00:00+00:00,Sweden,1475,1235916,3,2664.8571428571427,665.7851076164217,3330.642250473564,1999.072035240721,4.714285714285714,1.799470821684876,6.5137565359705905,2.9148148926008384
150474,2021-12-15 00:00:00+00:00,Sweden,2712,1238628,5,2730.1428571428573,640.8357638197768,3370.978620962634,2089.3070933230806,4.714285714285714,1.799470821684876,6.5137565359705905,2.9148148926008384
150475,2021-12-16 00:00:00+00:00,Sweden,4066,1242694,3,2834.714285714286,796.5914290035422,3631.305714717828,2038.1228567107437,4.0,1.154700538379256,5.154700538379256,2.845299461620744
150476,2021-12-17 00:00:00+00:00,Sweden,4010,1246704,5,2942.5714285714284,906.5108672161373,3849.0822957875657,2036.0605613552912,4.142857142857143,1.2149857925879155,5.357842935445059,2.9278713502692275
150477,2021-12-18 00:00:00+00:00,Sweden,4120,1250824,4,3092.285714285714,1011.8676979206516,4104.153412206366,2080.4180163650626,3.857142857142857,0.8997354108424437,4.756878267985301,2.9574074463004134
150478,2021-12-19 00:00:00+00:00,Sweden,4191,1255015,6,3281.285714285714,1083.9802756947377,4365.265989980452,2197.3054385909763,4.285714285714286,1.1126972805283772,5.398411566242663,3.1730170051859083
150479,2021-12-20 00:00:00+00:00,Sweden,3414,1258429,7,3426.8571428571427,1011.0928787820686,4437.950021639212,2415.764264075074,4.714285714285714,1.496026483086193,6.210312197371907,3.2182592311995215
150480,2021-12-21 00:00:00+00:00,Sweden,2029,1260458,5,3506.0,840.0660688303043,4346.066068830304,2665.933931169696,5.0,1.2909944487358065,6.290994448735806,3.7090055512641937
150481,2021-12-22 00:00:00+00:00,Sweden,3054,1263512,5,3554.8571428571427,794.9239855842472,4349.78112844139,2759.933157272895,5.0,1.2909944487358065,6.290994448735806,3.7090055512641937
150482,2021-12-23 00:00:00+00:00,Sweden,4699,1268211,1,3645.285714285714,892.7466445910469,4538.0323588767615,2752.5390696946674,4.714285714285714,1.8898223650461374,6.604108079331851,2.824463349239577
150483,2021-12-24 00:00:00+00:00,Sweden,5133,1273344,1,3805.714285714286,1055.311599210666,4861.025884924951,2750.40268650362,4.142857142857143,2.340126166724881,6.482983309582025,1.802730976132262
150484,2021-12-25 00:00:00+00:00,Sweden,5150,1278494,2,3952.8571428571427,1171.8124748399287,5124.669617697071,2781.044668017214,3.857142857142857,2.478478796128213,6.335621653271071,1.3786640610146441
150485,2021-12-26 00:00:00+00:00,Sweden,5838,1284332,0,4188.142857142857,1375.2819624318784,5563.424819574735,2812.8608947109788,3.0,2.6457513110645943,5.645751311064594,0.35424868893540573
150486,2021-12-27 00:00:00+00:00,Sweden,2388,1286720,1,4041.5714285714284,1518.7296069569531,5560.301035528381,2522.8418216144755,2.142857142857143,2.035400978396437,4.178258121253579,0.10745616446070594
150487,2021-12-28 00:00:00+00:00,Sweden,1793,1288513,0,4007.8571428571427,1572.5197856276654,5580.376928484808,2435.337357229477,1.4285714285714286,1.7182493859684593,3.146820814539888,-0.2896779573970307
150488,2021-12-29 00:00:00+00:00,Sweden,6047,1294560,0,4435.428571428572,1673.5914333296187,6109.02000475819,2761.837138098953,0.7142857142857143,0.7559289460184819,1.4702146603041961,-0.04164323173276763
