,Date_reported,Country,New_cases,Cumulative_cases,New_deaths,MA,MSTD_cases,OTG_cases,UTG_cases,MA_d,MSTD_deaths,OTG_deaths,UTG_deaths
154035,2021-10-02 00:00:00+00:00,The United Kingdom,32022,7875861,127,32022.0,,,,127.0,,,
154036,2021-10-03 00:00:00+00:00,The United Kingdom,28637,7904498,121,30329.5,2393.5564543164633,32723.056454316462,27935.943545683538,124.0,4.242640687119285,128.2426406871193,119.75735931288071
154037,2021-10-04 00:00:00+00:00,The United Kingdom,25897,7930395,43,28852.0,3068.1549830476297,31920.15498304763,25783.84501695237,97.0,46.861498055439924,143.86149805543994,50.138501944560076
154038,2021-10-05 00:00:00+00:00,The United Kingdom,31505,7961900,33,29515.25,2834.663810166325,32349.913810166327,26680.586189833673,81.0,49.879855653359705,130.8798556533597,31.120144346640295
154039,2021-10-06 00:00:00+00:00,The United Kingdom,43073,8004973,166,32226.8,6541.3306138736025,38768.1306138736,25685.469386126395,98.0,57.54128952326321,155.5412895232632,40.45871047673679
154040,2021-10-07 00:00:00+00:00,The United Kingdom,38622,8043595,143,33292.666666666664,6406.842862648238,39699.509529314906,26885.823804018426,105.5,54.64704932564978,160.1470493256498,50.85295067435022
154041,2021-10-08 00:00:00+00:00,The United Kingdom,38619,8082214,122,34053.57142857143,6185.40178854327,40238.9732171147,27868.169640028158,107.85714285714286,50.274011084020245,158.13115394116312,57.583131773122616
154042,2021-10-09 00:00:00+00:00,The United Kingdom,37880,8120094,124,34890.42857142857,6260.552900427216,41150.98147185579,28629.875671001355,107.42857142857143,50.096098127689025,157.52466955626045,57.332473300882405
154043,2021-10-10 00:00:00+00:00,The United Kingdom,35006,8155100,156,35800.28571428572,5631.462856555294,41431.74857084101,30168.822857730425,112.42857142857143,53.31934340323764,165.74791483180906,59.10922802533379
154044,2021-10-11 00:00:00+00:00,The United Kingdom,31725,8186825,38,36632.857142857145,4162.5493562067395,40795.40649906389,32470.307786650406,111.71428571428571,54.42644665268986,166.14073236697556,57.28783906159585
154045,2021-10-12 00:00:00+00:00,The United Kingdom,35828,8222653,28,37250.42857142857,3550.681101664057,40801.10967309263,33699.747469764516,111.0,55.65069631190611,166.6506963119061,55.34930368809389
154046,2021-10-13 00:00:00+00:00,The United Kingdom,49463,8272116,181,38163.28571428572,5553.608788115037,43716.894502400755,32609.67692617068,113.14285714285714,58.345032840361455,171.4878899832186,54.797824302495684
154047,2021-10-14 00:00:00+00:00,The United Kingdom,47504,8319620,136,39432.142857142855,6593.228329849028,46025.371186991884,32838.914527293826,112.14285714285714,57.80550311584694,169.94836025870407,54.3373540270102
154048,2021-10-15 00:00:00+00:00,The United Kingdom,46985,8366605,157,40627.28571428572,7155.532165494649,47782.81787978037,33471.753548791065,117.14285714285714,60.261730729179945,177.4045878720371,56.881126413677194
154049,2021-10-16 00:00:00+00:00,The United Kingdom,45631,8412236,142,41734.57142857143,7258.5219996255155,48993.093428196946,34476.04942894591,119.71428571428571,60.98282349895552,180.69710921324122,58.73146221533019
154050,2021-10-17 00:00:00+00:00,The United Kingdom,42872,8455108,148,42858.28571428572,6624.42177889979,49482.70749318551,36233.863935385925,118.57142857142857,60.260150300888846,178.8315788723174,58.311278270539724
154051,2021-10-18 00:00:00+00:00,The United Kingdom,37285,8492393,57,43652.57142857143,5259.800657095372,48912.3720856668,38392.770771476055,121.28571428571429,56.3255841387502,177.6112984244645,64.96013014696409
154052,2021-10-19 00:00:00+00:00,The United Kingdom,42982,8535375,45,44674.57142857143,4039.5415935120927,48714.11302208352,40635.02983505934,123.71428571428571,51.81928304442368,175.53356875870938,71.89500266986204
154053,2021-10-20 00:00:00+00:00,The United Kingdom,56711,8592086,223,45710.0,5949.077743650684,51659.07774365068,39760.92225634932,129.71428571428572,61.14930985087317,190.8635955651589,68.56497586341254
154054,2021-10-21 00:00:00+00:00,The United Kingdom,51589,8643675,179,46293.57142857143,6341.785654349585,52635.357082921015,39951.78577422184,135.85714285714286,63.98027969989027,199.83742255703314,71.87686315725259
154055,2021-10-22 00:00:00+00:00,The United Kingdom,50833,8694508,115,46843.28571428572,6574.223774568,53417.50948885372,40269.061939717714,129.85714285714286,63.635494737419855,193.49263759456272,66.221648119723
154056,2021-10-23 00:00:00+00:00,The United Kingdom,44436,8738944,180,46672.57142857143,6626.259549628849,53298.830978200276,40046.31187894258,135.28571428571428,66.40460397119637,201.69031825691064,68.88111031451791
154057,2021-10-24 00:00:00+00:00,The United Kingdom,39981,8778925,135,46259.57142857143,6983.106945983823,53242.67837455525,39276.4644825876,133.42857142857142,66.17113454988547,199.59970597845688,67.25743687868595
154058,2021-10-25 00:00:00+00:00,The United Kingdom,34543,8813468,72,45867.857142857145,7618.43956963566,53486.2967124928,38249.417573221486,135.57142857142858,63.471403384666445,199.04283195609503,72.10002518676214
154059,2021-10-26 00:00:00+00:00,The United Kingdom,35144,8848612,38,44748.142857142855,8623.034547624387,53371.177404767244,36125.108309518466,134.57142857142858,65.16864568910712,199.74007426053572,69.40278288232146
154060,2021-10-27 00:00:00+00:00,The United Kingdom,46641,8895253,263,43309.57142857143,6977.66546100587,50287.236889577296,36331.90596756556,140.28571428571428,75.19688443394067,215.48259871965496,65.08882985177361
154061,2021-10-28 00:00:00+00:00,The United Kingdom,41416,8936669,207,41856.28571428572,5949.499858931725,47805.78557321744,35906.78585535399,144.28571428571428,78.28093485584316,222.56664914155743,66.00477942987112
154062,2021-10-29 00:00:00+00:00,The United Kingdom,42277,8978946,165,40634.0,4500.315100079111,45134.31510007911,36133.68489992089,151.42857142857142,77.43999212908264,228.86856355765406,73.98857929948878
154063,2021-10-30 00:00:00+00:00,The United Kingdom,40657,9019603,186,40094.142857142855,4183.742759323349,44277.88561646621,35910.4000978195,152.28571428571428,77.84110800366408,230.12682228937837,74.4446062820502
154064,2021-10-31 00:00:00+00:00,The United Kingdom,39535,9059138,166,40030.42857142857,4189.145571479666,44219.57414290824,35841.282999948904,156.71428571428572,77.57515557125723,234.28944128554295,79.1391301430285
154065,2021-11-01 00:00:00+00:00,The United Kingdom,33015,9092153,74,39812.142857142855,4547.2421835867235,44359.385040729576,35264.900673556134,157.0,77.21398836998384,234.21398836998384,79.78601163001616
154066,2021-11-02 00:00:00+00:00,The United Kingdom,34130,9126283,40,39667.28571428572,4733.088727750832,44400.37444203655,34934.19698653489,157.28571428571428,76.70226916616024,233.98798345187453,80.58344511955404
154067,2021-11-03 00:00:00+00:00,The United Kingdom,44208,9170491,292,39319.71428571428,4194.292300825252,43514.00658653954,35125.42198488903,161.42857142857142,83.81697748240337,245.24554891097478,77.61159394616804
154068,2021-11-04 00:00:00+00:00,The United Kingdom,37129,9207620,217,38707.28571428572,4149.93697599879,42857.22269028451,34557.34873828693,162.85714285714286,84.80257183880799,247.65971469595087,78.05457101833487
154069,2021-11-05 00:00:00+00:00,The United Kingdom,35033,9242653,214,37672.42857142857,4012.3324827811853,41684.76105420976,33660.096088647384,169.85714285714286,87.00273668383191,256.85987954097476,82.85440617331095
154070,2021-11-06 00:00:00+00:00,The United Kingdom,32351,9275004,193,36485.857142857145,4206.089729133687,40691.94687199083,32279.767413723457,170.85714285714286,87.25905601794497,258.11619887508783,83.59808683919789
154071,2021-11-07 00:00:00+00:00,The United Kingdom,29739,9304743,155,35086.42857142857,4630.7154183467555,39717.14398977533,30455.713153081815,169.28571428571428,87.45992279460401,256.74563708031826,81.82579149111027
154072,2021-11-08 00:00:00+00:00,The United Kingdom,26948,9331691,62,34219.71428571428,5557.967245743896,39777.681531458176,28661.74703997039,167.57142857142858,89.72709947921186,257.29852805064047,77.84432909221673
154073,2021-11-09 00:00:00+00:00,The United Kingdom,29983,9361674,57,33627.28571428572,5785.483232893803,39412.76894717952,27841.802481391915,170.0,85.84482123770387,255.84482123770385,84.15517876229613
154074,2021-11-10 00:00:00+00:00,The United Kingdom,43301,9404975,262,33497.71428571428,5512.7520264167515,39010.46631213104,27984.962259297532,165.71428571428572,79.23323016200186,244.94751587628758,86.48105555228386
154075,2021-11-11 00:00:00+00:00,The United Kingdom,41447,9446422,214,34114.57142857143,6187.136221148497,40301.70764971992,27927.435207422932,165.28571428571428,78.91707522396379,244.20278950967807,86.36863906175049
154076,2021-11-12 00:00:00+00:00,The United Kingdom,42097,9488519,195,35123.71428571428,6897.233713943727,42020.94799965801,28226.480571770557,162.57142857142858,77.27193786202322,239.84336643345182,85.29949070940536
154077,2021-11-13 00:00:00+00:00,The United Kingdom,40230,9528749,145,36249.28571428572,7011.286489517833,43260.57220380355,29237.999224767886,155.71428571428572,76.24459387548794,231.95887958977366,79.46969183879779
154078,2021-11-14 00:00:00+00:00,The United Kingdom,37006,9565755,157,37287.42857142857,6397.83090474532,43685.259476173895,30889.59766668325,156.0,76.24521842931091,232.2452184293109,79.75478157068909
154079,2021-11-15 00:00:00+00:00,The United Kingdom,32332,9598087,63,38056.57142857143,5149.5123671127985,43206.08379568423,32907.059061458625,156.14285714285714,76.04040279445431,232.18325993731145,80.10245434840283
154080,2021-11-16 00:00:00+00:00,The United Kingdom,34805,9632892,47,38745.42857142857,4106.36411996237,42851.79269139094,34639.064451466205,154.71428571428572,78.27454734397868,232.9888330582644,76.43973837030704
154081,2021-11-17 00:00:00+00:00,The United Kingdom,49993,9682885,214,39701.42857142857,5781.153831117769,45482.582402546344,33920.2747403108,147.85714285714286,68.84385368699364,216.7009965441365,79.01328917014922
154082,2021-11-18 00:00:00+00:00,The United Kingdom,45446,9728331,201,40272.71428571428,6167.10287775078,46439.817163465064,34105.6114079635,146.0,66.9103878332804,212.9103878332804,79.0896121667196
154083,2021-11-19 00:00:00+00:00,The United Kingdom,45041,9773372,199,40693.28571428572,6407.928883143805,47101.21459742952,34285.356831141915,146.57142857142858,67.41378974378345,213.98521831521202,79.15763882764513
154084,2021-11-20 00:00:00+00:00,The United Kingdom,43225,9816597,157,41121.142857142855,6471.512276342925,47592.65513348578,34649.63058079993,148.28571428571428,67.5196620393257,215.80537632503996,80.76605224638858
154085,2021-11-21 00:00:00+00:00,The United Kingdom,38924,9855521,150,41395.142857142855,6306.746795524391,47701.88965266725,35088.39606161846,147.28571428571428,67.42085306914637,214.70656735486065,79.8648612165679
154086,2021-11-22 00:00:00+00:00,The United Kingdom,34667,9890188,61,41728.71428571428,5787.901021794971,47516.61530750925,35940.81326391931,147.0,67.84049921199968,214.84049921199968,79.15950078800032
154087,2021-11-23 00:00:00+00:00,The United Kingdom,36507,9926695,45,41971.857142857145,5475.908461268368,47447.76560412551,36495.94868158878,146.71428571428572,68.33426247916505,215.04854819345076,78.38002323512067
154088,2021-11-24 00:00:00+00:00,The United Kingdom,49786,9976481,165,41942.28571428572,5425.701420531906,47367.987134817624,36516.58429375381,139.71428571428572,62.55854400936313,202.27282972364884,77.15574170492259
154089,2021-11-25 00:00:00+00:00,The United Kingdom,47300,10023781,149,42207.142857142855,5665.207540434022,47872.350397576876,36541.935316708834,132.28571428571428,56.89966105849334,189.1853753442076,75.38605322722094
154090,2021-11-26 00:00:00+00:00,The United Kingdom,45831,10069612,147,42320.0,5738.465183885557,48058.46518388556,36581.53481611444,124.85714285714286,49.6736971693892,174.53084002653208,75.18344568775366
154091,2021-11-27 00:00:00+00:00,The United Kingdom,42541,10112153,160,42222.28571428572,5726.297166415246,47948.58288070096,36495.988547870475,125.28571428571429,50.00904680060155,175.29476108631584,75.27666748511274
154092,2021-11-28 00:00:00+00:00,The United Kingdom,38569,10150722,131,42171.57142857143,5761.838244204794,47933.40967277622,36409.73318436663,122.57142857142857,48.94846658428,171.51989515570858,73.62296198714857
154093,2021-11-29 00:00:00+00:00,The United Kingdom,32666,10183388,51,41885.71428571428,6227.064255176373,48112.77854089066,35658.65003053791,121.14285714285714,51.14172651051375,172.28458365337087,70.00113063234339
154094,2021-11-30 00:00:00+00:00,The United Kingdom,38897,10222285,35,42227.142857142855,5941.994710773242,48169.1375679161,36285.14814636961,119.71428571428571,53.69889597162518,173.4131816859109,66.01538974266053
154095,2021-12-01 00:00:00+00:00,The United Kingdom,55062,10277347,159,42980.857142857145,7251.028051905731,50231.88519476288,35729.82909095141,118.85714285714286,52.89747495999078,171.75461781713364,65.95966789715209
154096,2021-12-02 00:00:00+00:00,The United Kingdom,54520,10331867,171,44012.28571428572,8391.60647540715,52403.892189692866,35620.67923887857,122.0,55.572775109160496,177.5727751091605,66.42722489083951
154097,2021-12-03 00:00:00+00:00,The United Kingdom,53587,10385454,141,45120.28571428572,9149.573208885859,54269.858923171574,35970.71250539986,121.14285714285714,55.167709672200324,176.31056681505746,65.97514747065682
154098,2021-12-04 00:00:00+00:00,The United Kingdom,49223,10434677,143,46074.857142857145,9184.128001223475,55258.98514408062,36890.72914163367,118.71428571428571,53.52169119685422,172.23597691113991,65.19259451743149
154099,2021-12-05 00:00:00+00:00,The United Kingdom,44630,10479307,127,46940.71428571428,8627.388591269193,55568.102876983474,38313.32569444509,118.14285714285714,53.38985100631191,171.53270814916905,64.75300613654522
154100,2021-12-06 00:00:00+00:00,The United Kingdom,43992,10523299,54,48558.71428571428,6234.219858017132,54792.934143731414,42324.49442769715,118.57142857142857,52.76948974188629,171.34091831331486,65.80193882954228
154101,2021-12-07 00:00:00+00:00,The United Kingdom,51459,10574758,41,50353.28571428572,4577.344780338827,54930.630494624544,45775.94093394689,119.42857142857143,51.211512842514644,170.64008427108607,68.2170585860568
154102,2021-12-08 00:00:00+00:00,The United Kingdom,57872,10632630,180,50754.71428571428,5146.901518204432,55901.615803918714,45607.81276750985,122.42857142857143,54.42994623935469,176.85851766792612,67.99862518921674
154103,2021-12-09 00:00:00+00:00,The United Kingdom,54310,10686940,161,50724.71428571428,5121.847834336266,55846.56212005055,45602.86645137802,121.0,53.056573579529186,174.05657357952919,67.94342642047081
154104,2021-12-10 00:00:00+00:00,The United Kingdom,56588,10743528,148,51153.42857142857,5512.0900409053065,56665.51861233388,45641.338530523266,122.0,53.559935275041745,175.55993527504174,68.44006472495826
154105,2021-12-11 00:00:00+00:00,The United Kingdom,58194,10801722,120,52435.0,6008.950740353912,58443.95074035391,46426.04925964609,118.71428571428571,52.75640335767867,171.4706890719644,65.95788235660703
154106,2021-12-12 00:00:00+00:00,The United Kingdom,54073,10855795,132,53784.0,4927.327639468119,58711.327639468116,48856.672360531884,119.42857142857143,52.92087534819357,172.349446776765,66.50769608037785
154107,2021-12-13 00:00:00+00:00,The United Kingdom,49291,10905086,52,54541.0,3315.7148047843993,57856.7148047844,51225.2851952156,119.14285714285714,53.336755842566184,172.47961298542333,65.80610130029095
154108,2021-12-14 00:00:00+00:00,The United Kingdom,54661,10959747,38,54998.42857142857,3028.0570699786012,58026.48564140718,51970.37150144997,118.71428571428571,54.07622486119098,172.79051057547667,64.63806085309473
154109,2021-12-15 00:00:00+00:00,The United Kingdom,81815,11041562,150,58418.857142857145,10677.004471114085,69095.86161397122,47741.85267174306,114.42857142857143,49.39587412884172,163.82444555741316,65.0326972997297
154110,2021-12-16 00:00:00+00:00,The United Kingdom,95063,11136625,164,64240.71428571428,17188.382226708483,81429.09651242277,47052.3320590058,114.85714285714286,49.87794626695767,164.73508912410054,64.97919659018518
154111,2021-12-17 00:00:00+00:00,The United Kingdom,103490,11240115,146,70941.0,22137.18024049132,93078.18024049132,48803.81975950868,114.57142857142857,49.661712760291586,164.23314133172016,64.90971581113698
154112,2021-12-18 00:00:00+00:00,The United Kingdom,97073,11337188,111,76495.14285714286,23255.051024301287,99750.19388144414,53240.09183284157,113.28571428571429,49.61422607046715,162.89994035618145,63.671488215247145
154113,2021-12-19 00:00:00+00:00,The United Kingdom,90418,11427606,125,81687.28571428571,21397.70010004411,103084.98581432982,60289.5856142416,112.28571428571429,49.243322003138196,161.5290362888525,63.042392282576095
154114,2021-12-20 00:00:00+00:00,The United Kingdom,82886,11510492,45,86486.57142857143,16009.658552023518,102496.22998059496,70476.91287654791,111.28571428571429,50.72052275530509,162.00623704101938,60.5651915304092
154115,2021-12-21 00:00:00+00:00,The United Kingdom,91743,11602235,46,91784.0,7704.747454221468,99488.74745422146,84079.25254577854,112.42857142857143,48.849623481514236,161.27819491008566,63.578947947057195
154116,2021-12-22 00:00:00+00:00,The United Kingdom,121020,11723255,172,97384.71428571429,12192.658524897708,109577.372810612,85192.05576081658,115.57142857142857,52.25851491338397,167.82994348481253,63.3129136580446
154117,2021-12-23 00:00:00+00:00,The United Kingdom,134022,11857277,140,102950.28571428571,18312.27630775124,121262.56202203695,84638.00940653447,112.14285714285714,49.25250779208625,161.3953649349434,62.89034935077089
154118,2021-12-24 00:00:00+00:00,The United Kingdom,132017,11989294,147,107025.57142857143,21371.178776233028,128396.75020480447,85654.3926523384,112.28571428571429,49.36839166144759,161.6541059471619,62.9173226242667
154119,2021-12-25 00:00:00+00:00,The United Kingdom,122186,12111480,137,110613.14285714286,21529.258885127834,132142.40174227068,89083.88397201503,116.0,50.22615520489957,166.22615520489956,65.77384479510043
154122,2021-12-28 00:00:00+00:00,The United Kingdom,98515,12209995,143,111769.85714285714,20454.05126479485,132223.908407652,91315.8058780623,118.57142857142857,51.21476721564177,169.78619578707034,67.3566613557868
154123,2021-12-29 00:00:00+00:00,The United Kingdom,128685,12338680,18,118312.57142857143,16645.34149902146,134957.9129275929,101667.22992954997,114.71428571428571,58.21716323592286,172.93144895020856,56.49712247836285
