Date_reported,Country,New_cases,Cumulative_cases,New_deaths,MA,MA_deaths,MSTD_cases,MSTD_deaths,OTG_cases,UTG_cases,OTG_deaths,UTG_deaths
2021-04-02 00:00:00+00:00,France,24320,4495045,304,34544.28571428572,362.14285714285717,15403.123987406698,250.87010488259892,49947.40970169241,19141.16172687902,613.0129620254561,111.27275226025824
2021-04-03 00:00:00+00:00,France,3775,4498820,318,34351.857142857145,279.42857142857144,15834.330934487007,87.17770575639867,50186.18807734415,18517.52620837014,366.6062771849701,192.25086567217278
2021-04-04 00:00:00+00:00,France,8602,4507422,185,28106.0,283.57142857142856,16183.192227328356,80.7895561378401,44289.192227328356,11922.807772671644,364.3609847092687,202.78187243358846
2021-04-05 00:00:00+00:00,France,53843,4561265,157,29575.85714285714,283.42857142857144,18165.91757870174,81.04907390556178,47741.77472155888,11409.9395641554,364.47764533413323,202.37949752300966
2021-04-06 00:00:00+00:00,France,39110,4600375,228,29501.714285714286,264.57142857142856,18119.04655065372,75.42514422226353,47620.760836368005,11382.667735060568,339.99657279369205,189.14628434916503
2021-04-07 00:00:00+00:00,France,35899,4636274,412,29147.428571428572,271.85714285714283,17939.89744356719,87.74855852836775,47087.326014995764,11207.53112786138,359.6057013855106,184.10858432877507
2021-04-08 00:00:00+00:00,France,37967,4674241,433,29073.714285714286,291.0,17896.15150168949,107.13231694185536,46969.865787403774,11177.562784024798,398.1323169418554,183.86768305814462
2021-04-09 00:00:00+00:00,France,23785,4698026,331,28997.285714285714,294.85714285714283,17920.96184838925,108.15949422252768,46918.247562674966,11076.323865896466,403.01663707967055,186.69764863461515
2021-04-10 00:00:00+00:00,France,3728,4701754,319,28990.571428571428,295.0,17931.99203339408,108.19581014683583,46922.5634619655,11058.579395177348,403.1958101468358,186.8041898531642
2021-04-11 00:00:00+00:00,France,46288,4748042,207,34374.28571428572,298.14285714285717,16380.652019117664,104.73208450043532,50754.93773340338,17993.633695168053,402.87494164329246,193.41077264242185
2021-04-12 00:00:00+00:00,France,34343,4782385,176,31588.571428571428,300.85714285714283,14003.590478363361,100.63039396958051,45592.16190693479,17584.980950208068,401.48753682672333,200.22674888756234
2021-04-13 00:00:00+00:00,France,30754,4813139,373,30394.85714285714,321.57142857142856,13606.084563269907,98.02356373656183,44000.94170612705,16788.772579587232,419.59499230799037,223.54786483486674
2021-04-14 00:00:00+00:00,France,31275,4844414,345,29734.285714285714,312.0,13405.084877441956,90.72118458954394,43139.37059172767,16329.200836843758,402.72118458954395,221.27881541045605
2021-04-15 00:00:00+00:00,France,32128,4876542,295,28900.14285714286,292.2857142857143,12982.420979007915,73.38191031788134,41882.56383615077,15917.721878134944,365.66762460359564,218.90380396783294
2021-04-16 00:00:00+00:00,France,20291,4896833,297,28401.0,287.42857142857144,13275.718285651976,71.49325642522196,41676.71828565198,15125.281714348024,358.9218278537934,215.9353150033495
2021-04-17 00:00:00+00:00,France,4515,4901348,302,28513.428571428572,285.0,13033.059002105962,70.52422751553894,41546.487573534534,15480.369569322611,355.52422751553894,214.47577248446106
2021-04-18 00:00:00+00:00,France,39723,4941071,177,27575.571428571428,280.7142857142857,11709.86643614585,76.69575017714435,39285.43786471728,15865.704992425577,357.4100358914301,204.01853553714136
2021-04-19 00:00:00+00:00,France,30755,4971826,169,27063.0,279.7142857142857,11439.678040341028,78.31712091598027,38502.67804034103,15623.321959658972,358.031406630266,201.39716479830545
2021-04-20 00:00:00+00:00,France,29142,5000968,446,26832.714285714286,290.14285714285717,11368.99981989427,95.73301167207865,38201.71410560855,15463.714465820016,385.8758688149358,194.40984547077852
2021-04-21 00:00:00+00:00,France,26869,5027837,381,26203.285714285714,295.2857142857143,11202.820280540485,100.04118199639038,37406.1059948262,15000.465433745228,395.32689628210466,195.2445322893239
2021-04-22 00:00:00+00:00,France,28363,5056200,313,25665.428571428572,297.85714285714283,10958.681396608576,100.2636999307642,36624.10996803715,14706.747174819997,398.120842787907,197.59344292637863
2021-04-23 00:00:00+00:00,France,17221,5073421,283,25226.85714285714,295.85714285714283,11266.71842831137,100.42315232956159,36493.57557116851,13960.138714545772,396.2802951867044,195.43399052758124
2021-04-24 00:00:00+00:00,France,3476,5076897,331,25078.428571428572,300.0,11587.33653400879,101.31304621483915,36665.765105437364,13491.092037419783,401.3130462148391,198.68695378516085
2021-04-25 00:00:00+00:00,France,32465,5109362,166,24041.571428571428,298.42857142857144,10313.184633550783,103.59835446384199,34354.75606212221,13728.386795020644,402.02692589241343,194.83021696472946
2021-04-26 00:00:00+00:00,France,24812,5134174,174,23192.571428571428,299.14285714285717,9904.952412086992,102.56937257521366,33097.52384065842,13287.619016484436,401.71222971807083,196.5734845676435
2021-04-27 00:00:00+00:00,France,21077,5155251,391,22040.428571428572,291.2857142857143,9560.652032456144,90.88585200808163,31601.080603884715,12479.776538972428,382.1715662937959,200.39986227763265
2021-04-28 00:00:00+00:00,France,20966,5176217,315,21197.14285714286,281.85714285714283,9321.103143379392,83.11924881642258,30518.246000522253,11876.039713763466,364.97639167356544,198.73789404072025
2021-04-29 00:00:00+00:00,France,22575,5198792,344,20370.285714285714,286.2857142857143,8822.89555105098,85.83650017272136,29193.181265336694,11547.390163234733,372.1222144584356,200.44921411299293
2021-04-30 00:00:00+00:00,France,3828,5202620,306,18457.0,289.57142857142856,10841.013913221388,86.12947064903243,29298.013913221388,7615.986086778612,375.700899220461,203.4419579223961
2021-05-01 00:00:00+00:00,France,3376,5205996,290,18442.714285714286,283.7142857142857,10864.086611618806,84.21542670577008,29306.800897333094,7578.62767409548,367.9297124200558,199.49885900851564
2021-05-02 00:00:00+00:00,France,27245,5233241,164,17697.0,283.42857142857144,9875.334390962482,84.68344415694577,27572.334390962482,7821.665609037518,368.1120155855172,198.74512727162568
2021-05-03 00:00:00+00:00,France,20203,5253444,113,17038.571428571428,274.7142857142857,9467.096437259625,99.63887174141236,26505.667865831052,7571.474991311803,374.35315745569807,175.07541397287338
2021-05-04 00:00:00+00:00,France,17478,5270922,279,16524.428571428572,258.7142857142857,9307.606940152436,85.89861133084942,25832.03551158101,7216.821631276136,344.6128970451351,172.81567438343632
2021-05-05 00:00:00+00:00,France,15889,5286811,255,15799.142857142857,250.14285714285714,9099.296848814743,82.26264557586136,24898.4397059576,6699.846008328113,332.4055027187185,167.8802115669958
2021-05-06 00:00:00+00:00,France,17918,5304729,273,15133.857142857143,240.0,8681.99572733807,72.56721022608593,23815.852870195213,6451.8614155190735,312.56721022608593,167.43278977391407
2021-05-07 00:00:00+00:00,France,3888,5308617,219,15142.42857142857,227.57142857142858,8668.993422097727,66.5829235936865,23811.421993526295,6473.435149330844,294.1543521651151,160.98850497774208
2021-05-08 00:00:00+00:00,France,1562,5310179,206,14883.285714285714,215.57142857142858,9095.949606175702,60.772409153189955,23979.235320461416,5787.336108110012,276.34383772461854,154.79901941823863
2021-05-09 00:00:00+00:00,France,23884,5334063,205,14403.142857142857,221.42857142857142,8396.476571128893,56.82093846124019,22799.619428271748,6006.666286013964,278.24950988981163,164.60763296733123
2021-05-10 00:00:00+00:00,France,16618,5350681,86,13891.0,217.57142857142858,8087.398943211544,65.64007196534793,21978.398943211545,5803.601056788456,283.2115005367765,151.93135660608067
2021-05-11 00:00:00+00:00,France,15762,5366443,319,13645.857142857143,223.28571428571428,7985.920285697593,73.18632450967247,21631.777428554735,5659.9368571595505,296.47203879538677,150.0993897760418
2021-05-12 00:00:00+00:00,France,1571,5368014,202,11600.42857142857,215.71428571428572,9074.99839957965,72.09187260180656,20675.426971008223,2525.4301718489205,287.80615831609225,143.62241311247917
2021-05-13 00:00:00+00:00,France,17164,5385178,182,11492.714285714286,202.71428571428572,8991.606988635986,68.13641778497364,20484.321274350274,2501.1072970783007,270.85070349925934,134.57786792931208
2021-05-14 00:00:00+00:00,France,8576,5393754,160,12162.42857142857,194.28571428571428,8491.46532029111,69.42313323790921,20653.89389171968,3670.9632511374602,263.7088475236235,124.86258104780507
2021-05-15 00:00:00+00:00,France,2262,5396016,173,12262.42857142857,189.57142857142858,8348.745411879157,69.61526926100906,20611.17398330773,3913.683159549413,259.18669783243763,119.95615931041952
2021-05-16 00:00:00+00:00,France,18820,5414836,100,11539.0,174.57142857142858,7331.287722266732,76.68954110100563,18870.28772226673,4207.712277733268,251.26096967243421,97.88188747042295
2021-05-17 00:00:00+00:00,France,15432,5430268,81,11369.57142857143,173.85714285714286,7206.998262270721,77.66901692742937,18576.569690842152,4162.573166300708,251.52615978457223,96.1881259297135
2021-05-18 00:00:00+00:00,France,13220,5443488,195,11006.42857142857,156.14285714285714,7010.1413646497285,47.220858990563556,18016.5699360783,3996.287206778842,203.3637161334207,108.92199815229358
2021-05-19 00:00:00+00:00,France,11514,5455002,192,12426.857142857143,154.71428571428572,5656.257403046308,45.730056803324246,18083.114545903452,6770.599739810835,200.44434251760998,108.98422891096148
2021-05-20 00:00:00+00:00,France,11986,5466988,169,11687.142857142857,152.85714285714286,5258.058558966046,44.689404305047844,16945.201416108903,6429.084298176811,197.5465471621907,108.16773855209502
2021-05-21 00:00:00+00:00,France,4817,5471805,133,11150.142857142857,149.0,5793.446712408428,45.1331363855558,16943.589569551285,5356.696144734429,194.13313638555582,103.8668636144442
2021-05-22 00:00:00+00:00,France,13447,5485252,121,12748.0,141.57142857142858,4277.627574562688,44.80274226297888,17025.627574562688,8470.372425437312,186.37417083440747,96.7686863084497
2021-05-23 00:00:00+00:00,France,11821,5497073,75,11748.142857142857,138.0,3336.1837193889805,49.42671342500135,15084.326576531837,8411.959137753876,187.42671342500137,88.57328657499865
2021-05-24 00:00:00+00:00,France,9704,5506777,70,10929.857142857143,136.42857142857142,2963.7056437590645,51.6651305454939,13893.562786616207,7966.151499098079,188.0937019740653,84.76344088307752
2021-05-25 00:00:00+00:00,France,1908,5508685,61,9313.857142857143,117.28571428571429,4292.828648981439,51.168721844847326,13606.685791838583,5021.028493875704,168.45443613056162,66.11699244086697
2021-05-26 00:00:00+00:00,France,1749,5510434,178,7918.857142857143,115.28571428571429,4988.89645207391,47.93298893839914,12907.753594931053,2929.960690783233,163.21870322411343,67.35272534731516
2021-05-27 00:00:00+00:00,France,12438,5522872,172,7983.428571428572,115.71428571428571,5052.82662995405,48.503313583390295,13036.25520138262,2930.6019414745215,164.217599297676,67.21097213089541
2021-05-28 00:00:00+00:00,France,13704,5536576,141,9253.0,116.85714285714286,5237.721005678455,49.069435739641285,14490.721005678455,4015.278994321545,165.92657859678414,67.78770711750158
2021-05-29 00:00:00+00:00,France,11090,5547666,94,8916.285714285714,113.0,4993.222497020723,49.74602161644626,13909.508211306436,3923.063217264991,162.74602161644626,63.25397838355374
2021-05-30 00:00:00+00:00,France,10007,5557673,95,8657.142857142857,115.85714285714286,4862.712426501188,47.73338653891482,13519.855283644045,3794.430430641669,163.5905293960577,68.12375631822803
2021-05-31 00:00:00+00:00,France,8541,5566214,15,8491.0,108.0,4840.8020685273395,59.593064473398385,13331.80206852734,3650.1979314726605,167.59306447339839,48.406935526601615
2021-06-01 00:00:00+00:00,France,938,5567152,155,8352.42857142857,121.42857142857143,5069.150055552328,57.800972145368206,13421.5786269809,3283.2785158762426,179.22954357393962,63.627599283203224
2021-06-02 00:00:00+00:00,France,8498,5575650,88,9316.57142857143,108.57142857142857,4165.065339908401,52.92402461028132,13481.636768479832,5151.506088663028,161.49545318170988,55.64740396114725
2021-06-03 00:00:00+00:00,France,8582,5584232,124,8765.714285714286,101.71428571428571,3931.8949932681535,45.99171768085417,12697.60927898244,4833.819292446133,147.70600339513987,55.722568033431536
2021-06-04 00:00:00+00:00,France,7978,5592210,69,7947.714285714285,91.42857142857143,3273.8547470457124,43.737311085041625,11221.569032759999,4673.859538668573,135.16588251361304,47.691260343529805
2021-06-05 00:00:00+00:00,France,6953,5599163,88,7356.714285714285,90.57142857142857,2971.5113839179003,43.737311085041654,10328.225669632186,4385.202901796385,134.3087396564702,46.834117486386916
2021-06-06 00:00:00+00:00,France,6038,5605201,14,6789.714285714285,79.0,2752.0855554930718,52.25578117934916,9541.799841207358,4037.6287302212136,131.25578117934916,26.744218820650843
2021-06-07 00:00:00+00:00,France,5070,5610271,25,6293.857142857143,80.42857142857143,2696.0818749033056,50.3151969847719,8989.93901776045,3597.7752679538376,130.74376841334333,30.11337444379953
2021-06-08 00:00:00+00:00,France,946,5611217,88,6295.0,70.85714285714286,2693.433558364672,38.826230701338574,8988.433558364672,3601.566441635328,109.68337355848143,32.03091215580429
2021-06-09 00:00:00+00:00,France,4700,5615917,34,5752.428571428572,63.142857142857146,2554.657045287919,40.19298683195347,8307.085616716491,3197.7715261406524,103.33584397481062,22.949870310903677
2021-06-10 00:00:00+00:00,France,5358,5621275,93,5291.857142857143,58.714285714285715,2229.4189398844123,33.52468884124306,7521.276082741555,3062.438202972731,92.23897455552878,25.189596873042653
2021-06-11 00:00:00+00:00,France,4475,5625750,68,4791.428571428572,58.57142857142857,1893.8824195390503,33.475648576486954,6685.310990967622,2897.5461518895213,92.04707714791553,25.095779994941616
2021-06-12 00:00:00+00:00,France,3639,5629389,71,4318.0,56.142857142857146,1663.7058033172248,31.54588494780688,5981.705803317225,2654.2941966827752,87.68874209066402,24.596972195050267
2021-06-13 00:00:00+00:00,France,3604,5632993,24,3970.285714285714,57.57142857142857,1489.5503476172294,29.47799825208267,5459.836061902944,2480.735366668485,87.04942682351124,28.0934303193459
2021-06-14 00:00:00+00:00,France,2850,5635843,13,3653.1428571428573,55.857142857142854,1452.249568605597,31.93445668563873,5105.392425748454,2200.8932885372606,87.79159954278158,23.922686171504125
