Date_reported,Country,New_cases,Cumulative_cases,New_deaths,MA,MA_deaths,MSTD_cases,MSTD_deaths,OTG_cases,UTG_cases,OTG_deaths,UTG_deaths
2021-04-02 00:00:00+00:00,The United Kingdom,3743,4345711,51,4208.571428571428,45.57142857142857,688.2528258884739,18.67134295154149,4896.8242544599025,3520.3186026829544,64.24277152297006,26.90008561988708
2021-04-03 00:00:00+00:00,The United Kingdom,3460,4349171,52,3933.4285714285716,43.0,497.7026746395588,15.758595537939325,4431.13124606813,3435.725896789013,58.75859553793933,27.241404462060675
2021-04-04 00:00:00+00:00,The United Kingdom,2588,4351759,10,3674.714285714286,36.142857142857146,659.6889959601389,18.37052504614965,4334.403281674425,3015.025289754147,54.51338218900679,17.772332096707498
2021-04-05 00:00:00+00:00,The United Kingdom,2338,4354097,10,3500.285714285714,34.857142857142854,833.824065010619,20.011901220803843,4334.109779296334,2666.461649275095,54.8690440779467,14.845241636339011
2021-04-06 00:00:00+00:00,The United Kingdom,2237,4356334,26,3134.8571428571427,35.285714285714285,725.306240714412,19.746006226571037,3860.1633835715547,2409.5509021427306,55.03172051228532,15.539708059143248
2021-04-07 00:00:00+00:00,The United Kingdom,2548,4358882,20,2928.1428571428573,30.285714285714285,640.5537782412946,18.300403326150416,3568.6966353841517,2287.589078901563,48.5861176118647,11.985310959563868
2021-04-08 00:00:00+00:00,The United Kingdom,3011,4361893,45,2846.4285714285716,30.571428571428573,576.3595107884581,18.54595322293779,3422.7880822170296,2270.0690606401135,49.117381794366366,12.025475348490783
2021-04-09 00:00:00+00:00,The United Kingdom,2855,4364748,53,2719.5714285714284,30.857142857142858,423.62045002131896,18.924662669064222,3143.1918785927473,2295.9509785501095,49.78180552620708,11.932480188078635
2021-04-10 00:00:00+00:00,The United Kingdom,2456,4367204,60,2576.1428571428573,32.0,275.06328269279527,20.583164641562863,2851.2061398356527,2301.079574450062,52.58316464156286,11.416835358437137
2021-04-11 00:00:00+00:00,The United Kingdom,845,4368049,40,2327.1428571428573,36.285714285714285,709.068268564915,18.227399574078483,3036.211125707772,1618.0745885779424,54.51311385979277,18.058314711635802
2021-04-12 00:00:00+00:00,The United Kingdom,1730,4369779,7,2240.285714285714,35.857142857142854,743.89957076905,18.96864580840036,2984.1852850547643,1496.386143516664,54.825788665543215,16.888497048742494
2021-04-13 00:00:00+00:00,The United Kingdom,3568,4373347,13,2430.4285714285716,34.0,897.2229111780564,20.655911179652318,3327.6514826066277,1533.2056602505152,54.65591117965232,13.344088820347682
2021-04-14 00:00:00+00:00,The United Kingdom,2471,4375818,23,2419.4285714285716,34.42857142857143,896.0124361169078,20.34581974134737,3315.4410075454794,1523.4161353116638,54.7743911699188,14.08275168722406
2021-04-15 00:00:00+00:00,The United Kingdom,2491,4378309,38,2345.1428571428573,33.42857142857143,859.6091027238211,19.906926289126925,3204.7519598666786,1485.533754419036,53.33549771769836,13.521645139444505
2021-04-16 00:00:00+00:00,The United Kingdom,2671,4380980,30,2318.8571428571427,30.142857142857142,844.0930889534499,17.939050248119017,3162.9502318105924,1474.764053903693,48.081907390976156,12.203806894738126
2021-04-17 00:00:00+00:00,The United Kingdom,2756,4383736,34,2361.714285714286,26.428571428571427,859.6886479362286,12.634043201369035,3221.4029336505146,1502.0256377780572,39.06261462994046,13.794528227202392
2021-04-18 00:00:00+00:00,The United Kingdom,2206,4385942,35,2556.1428571428573,25.714285714285715,561.7821132957708,11.856282240501843,3117.9249704386284,1994.3607438470865,37.570567954787556,13.858003473783873
2021-04-19 00:00:00+00:00,The United Kingdom,1882,4387824,10,2577.8571428571427,26.142857142857142,526.347612786205,11.096975134597193,3104.2047556433477,2051.5095300709377,37.23983227745433,15.04588200825995
2021-04-20 00:00:00+00:00,The United Kingdom,2963,4390787,4,2491.4285714285716,24.857142857142858,360.07261167184294,13.196319833115108,2851.5011831004144,2131.3559597567287,38.053462690257966,11.66082302402775
2021-04-21 00:00:00+00:00,The United Kingdom,2524,4393311,33,2499.0,26.285714285714285,360.1286806525766,13.499559075507118,2859.128680652577,2138.871319347423,39.7852733612214,12.786155210207166
2021-04-22 00:00:00+00:00,The United Kingdom,2396,4395707,20,2485.4285714285716,23.714285714285715,362.2641103893396,12.579272444505845,2847.6926818179113,2123.164461039232,36.29355815879156,11.13501326977987
2021-04-23 00:00:00+00:00,The United Kingdom,2728,4398435,18,2493.5714285714284,22.0,367.7299085962176,12.396235987656649,2861.301337167646,2125.8415199752108,34.39623598765665,9.603764012343351
2021-04-24 00:00:00+00:00,The United Kingdom,2678,4401113,40,2482.4285714285716,22.857142857142858,359.5431624661753,13.520707222794663,2841.9717338947466,2122.8854089623965,36.37785007993752,9.336435634348195
2021-04-25 00:00:00+00:00,The United Kingdom,2061,4403174,32,2461.714285714286,22.428571428571427,381.6222889067891,13.113061463570913,2843.3365746210748,2080.091996807497,35.54163289214234,9.315509965000514
2021-04-26 00:00:00+00:00,The United Kingdom,1712,4404886,11,2437.4285714285716,22.571428571428573,427.3343176126809,12.959644321793274,2864.7628890412525,2010.0942538158906,35.53107289322185,9.6117842496353
2021-04-27 00:00:00+00:00,The United Kingdom,2064,4406950,6,2309.0,22.857142857142858,374.9342164013533,12.495713550568656,2683.9342164013533,1934.0657835986467,35.35285640771151,10.361429306574202
2021-04-28 00:00:00+00:00,The United Kingdom,2685,4409635,17,2332.0,20.571428571428573,394.7366210042318,11.773659058001185,2726.736621004232,1937.263378995768,32.345087629429756,8.797769513427388
2021-04-29 00:00:00+00:00,The United Kingdom,2166,4411801,29,2299.1428571428573,21.857142857142858,398.0797359227204,12.185080650992733,2697.2225930655777,1901.063121220137,34.04222350813559,9.672062206150125
2021-04-30 00:00:00+00:00,The United Kingdom,2445,4414246,22,2258.714285714286,22.428571428571427,359.7961062283055,12.067271755208598,2618.5103919425915,1898.9181794859803,34.495843183780025,10.36129967336283
2021-05-01 00:00:00+00:00,The United Kingdom,2381,4416627,15,2216.285714285714,18.857142857142858,317.0886911528615,9.406178313810265,2533.3744054385756,1899.1970231328528,28.263321170953123,9.450964543332592
2021-05-02 00:00:00+00:00,The United Kingdom,1907,4418534,7,2194.285714285714,15.285714285714286,334.5214064755201,8.260635280236972,2528.8071207612343,1859.7643078101942,23.54634956595126,7.0250790054773145
2021-05-03 00:00:00+00:00,The United Kingdom,1671,4420205,14,2188.4285714285716,15.714285714285714,344.5808357160029,8.07701029051568,2533.0094071445747,1843.8477357125687,23.791296004801396,7.637275423770033
2021-05-04 00:00:00+00:00,The United Kingdom,1649,4421854,1,2129.1428571428573,15.0,400.68958411581906,9.219544457021737,2529.832441258676,1728.4532730270382,24.219544457021737,5.780455542978263
2021-05-05 00:00:00+00:00,The United Kingdom,1946,4423800,4,2023.5714285714287,13.142857142857142,318.8154414014678,10.023781246175961,2342.3868699728964,1704.755987169961,23.166638389033103,3.1190758966811813
2021-05-06 00:00:00+00:00,The United Kingdom,2144,4425944,27,2020.4285714285713,12.857142857142858,317.2821336644695,9.511897311850491,2337.710705093041,1703.1464377641018,22.36904016899335,3.345245545292366
2021-05-07 00:00:00+00:00,The United Kingdom,2613,4428557,13,2044.4285714285713,11.571428571428571,358.4354228346955,8.638231741163494,2402.8639942632667,1685.993148593876,20.209660312592064,2.933196830265077
2021-05-08 00:00:00+00:00,The United Kingdom,2490,4431047,15,2060.0,11.571428571428571,377.3618952169657,8.638231741163494,2437.361895216966,1682.6381047830344,20.209660312592064,2.933196830265077
2021-05-09 00:00:00+00:00,The United Kingdom,2047,4433094,5,2080.0,11.285714285714286,371.56695219266663,8.845230083671755,2451.5669521926666,1708.4330478073334,20.130944369386043,2.4404842020425317
2021-05-10 00:00:00+00:00,The United Kingdom,1770,4434864,2,2094.1428571428573,9.571428571428571,354.915684098203,9.378293072162752,2449.05854124106,1739.2271730446544,18.949721643591324,0.19313549926581963
2021-05-11 00:00:00+00:00,The United Kingdom,2357,4437221,4,2195.285714285714,10.0,304.17194379225793,8.981462389926376,2499.457658077972,1891.1137704934563,18.981462389926378,1.0185376100736239
2021-05-12 00:00:00+00:00,The United Kingdom,2474,4439695,20,2270.714285714286,12.285714285714286,297.4433919090954,9.23244795452933,2568.157677623381,1973.2708938051903,21.51816224024362,3.0532663311849557
2021-05-13 00:00:00+00:00,The United Kingdom,2284,4441979,11,2290.714285714286,10.0,292.1630333513492,6.5828058856637,2582.8773190656348,1998.5512523629366,16.5828058856637,3.4171941143363
2021-05-14 00:00:00+00:00,The United Kingdom,2656,4444635,11,2296.8571428571427,9.714285714285714,300.40440989711726,6.473388749314917,2597.26155275426,1996.4527329600255,16.18767446360063,3.240896964970797
2021-05-15 00:00:00+00:00,The United Kingdom,2193,4446828,17,2254.4285714285716,10.0,289.349187561954,6.782329982756318,2543.7777589905254,1965.0793838666175,16.782329982756316,3.217670017243682
2021-05-16 00:00:00+00:00,The United Kingdom,1156,4447984,7,2127.1428571428573,10.285714285714286,508.66571487134274,6.575568054023229,2635.8085720142,1618.4771422715146,16.861282339737514,3.7101462316910574
2021-05-19 00:00:00+00:00,The United Kingdom,2412,4450396,7,1528.7142857142858,8.857142857142858,1145.6838880730236,4.488079448700895,2674.398173787309,383.0303976412622,13.345222305843752,4.369063408441963
2021-05-20 00:00:00+00:00,The United Kingdom,2135,4452531,3,1507.4285714285713,7.714285714285714,1130.5974610838114,4.855041561760479,2638.0260325123827,376.83111034475996,12.569327276046193,2.8592441525252354
2021-05-21 00:00:00+00:00,The United Kingdom,2694,4455225,7,1512.857142857143,7.142857142857143,1137.1039865166333,4.634241089022341,2649.961129373776,375.7531563405096,11.777098231879485,2.5086160538348024
2021-05-22 00:00:00+00:00,The United Kingdom,2702,4457927,9,1585.5714285714287,6.0,1202.253974420209,2.0816659982631,2787.825402991638,383.31745415121964,8.0816659982631,3.9183340017369
2021-05-23 00:00:00+00:00,The United Kingdom,2523,4460450,6,1780.857142857143,5.857142857142857,1231.5148433881948,2.035400977166017,3012.3719862453377,549.3422994689481,7.892543834308874,3.8217418799768397
2021-05-24 00:00:00+00:00,The United Kingdom,2092,4462542,5,2079.714285714286,6.0,948.6763962087667,1.9148542142048417,3028.3906819230524,1131.0378895055192,7.9148542142048415,4.0851457857951585
2021-05-25 00:00:00+00:00,The United Kingdom,2362,4464904,3,2417.1428571428573,5.714285714285714,244.0590286911741,2.2146697044374357,2661.2018858340316,2173.083828451683,7.928955418723151,3.4996160098482787
2021-05-26 00:00:00+00:00,The United Kingdom,2410,4467314,15,2416.8571428571427,6.857142857142857,244.06722329243482,4.180453381056018,2660.9243661495775,2172.789919564708,11.037596238198875,2.676689476086839
2021-05-27 00:00:00+00:00,The United Kingdom,2987,4470301,9,2538.5714285714284,7.714285714285714,288.4821525551727,3.8606685819628392,2827.0535811266013,2250.0892760162556,11.574954296248553,3.853617132322875
2021-05-28 00:00:00+00:00,The United Kingdom,3380,4473681,10,2636.5714285714284,8.142857142857142,431.26707001141943,3.933978961710898,3067.838498582848,2205.304358560009,12.07683610456804,4.208878181146245
2021-05-29 00:00:00+00:00,The United Kingdom,4028,4477709,10,2826.0,8.285714285714286,682.7100409119652,3.988077469126637,3508.7100409119653,2143.2899590880347,12.273791754840923,4.29763681658765
2021-05-30 00:00:00+00:00,The United Kingdom,3240,4480949,7,2928.4285714285716,8.428571428571429,683.4597908263073,3.9096949089037683,3611.8883622548788,2244.9687806022644,12.338266337475197,4.518876519667661
2021-05-31 00:00:00+00:00,The United Kingdom,3111,4484060,6,3074.0,8.571428571428571,575.628062753001,3.7796447294300273,3649.628062753001,2498.371937246999,12.351073300858598,4.791783841998544
2021-06-01 00:00:00+00:00,The United Kingdom,3283,4487343,1,3205.5714285714284,8.285714285714286,483.6744280433958,4.309458036275813,3689.2458566148243,2721.8970005280325,12.595172321990098,3.9762562494384737
2021-06-02 00:00:00+00:00,The United Kingdom,3099,4490442,0,3304.0,6.142857142857143,345.0246367466954,4.140393355449291,3649.0246367466953,2958.9753632533047,10.283250498306433,2.0024637874078524
2021-06-03 00:00:00+00:00,The United Kingdom,4261,4494703,12,3486.0,6.571428571428571,465.0706039182882,4.613644360015865,3951.0706039182883,3020.9293960817117,11.185072931444436,1.9577842114127062
2021-06-04 00:00:00+00:00,The United Kingdom,5179,4499882,18,3743.0,7.714285714285714,784.2633486032273,6.290582529974598,4527.263348603227,2958.7366513967727,14.004868244260312,1.4237031843111163
2021-06-05 00:00:00+00:00,The United Kingdom,6140,4506022,11,4044.714285714286,7.857142857142857,1205.375282387617,6.36209010241003,5250.089568101903,2839.3390033266687,14.219232959552887,1.4950527547328267
2021-06-06 00:00:00+00:00,The United Kingdom,5651,4511673,13,4389.142857142857,8.714285714285714,1279.3063782715965,6.626066849931107,5668.449235414453,3109.8364788712606,15.34035256421682,2.088218864354607
2021-06-07 00:00:00+00:00,The United Kingdom,5223,4516896,4,4690.857142857143,8.428571428571429,1172.1914559859654,6.8033605137981645,5863.048598843108,3518.665686871178,15.231931942369593,1.6252109147732643
2021-06-08 00:00:00+00:00,The United Kingdom,5584,4522480,1,5019.571428571428,8.428571428571429,1024.977049666849,6.8033605137981645,6044.548478238277,3994.5943789045796,15.231931942369593,1.6252109147732643
2021-06-09 00:00:00+00:00,The United Kingdom,5966,4528446,13,5429.142857142857,10.285714285714286,624.0137360828661,5.822779568192281,6053.156593225723,4805.129121059991,16.108493853906566,4.462934717522005
2021-06-10 00:00:00+00:00,The United Kingdom,7312,4535758,6,5865.0,9.428571428571429,728.8291980725742,5.968169536301926,6593.829198072574,5136.170801927426,15.396740964873356,3.460401892269503
2021-06-11 00:00:00+00:00,The United Kingdom,7232,4542990,7,6158.285714285715,7.857142857142857,814.7729160478533,4.634241089022415,6973.058630333568,5343.512798237862,12.491383946165271,3.222901768120442
2021-06-12 00:00:00+00:00,The United Kingdom,7958,4550948,17,6418.0,8.714285714285714,1060.6292157472583,5.736267244450517,7478.629215747258,5357.370784252742,14.450552958736232,2.978018469835196
2021-06-13 00:00:00+00:00,The United Kingdom,7550,4558498,12,6689.285714285715,8.571428571428571,1074.5207791035562,5.623081683031246,7763.806493389271,5614.764935182158,14.194510254459818,2.9483468883973254
2021-06-14 00:00:00+00:00,The United Kingdom,7319,4565817,8,6988.714285714285,9.142857142857142,870.4896541939796,5.273473599490023,7859.203939908265,6118.224631520306,14.416330742347165,3.8693835433671193
