Date_reported,Country,New_cases,Cumulative_cases,New_deaths,MA,MA_deaths,MSTD_cases,MSTD_deaths,OTG_cases,UTG_cases,OTG_deaths,UTG_deaths
2021-04-02 00:00:00+00:00,Germany,21888,2855061,232,17186.85714285714,164.57142857142858,5706.024314370158,74.87513415201897,22892.8814572273,11480.832828486982,239.44656272344756,89.69629441940961
2021-04-03 00:00:00+00:00,Germany,18129,2873190,120,16852.14285714286,159.28571428571428,5547.724982024919,76.78045386187314,22399.86783916778,11304.417875117939,236.0661681475874,82.50526042384114
2021-04-04 00:00:00+00:00,Germany,12196,2885386,68,16140.714285714286,156.14285714285714,5812.276998281715,80.45170097936608,21952.991283996,10328.43728743257,236.59455812222322,75.69115616349106
2021-04-05 00:00:00+00:00,Germany,8497,2893883,50,15944.285714285714,157.14285714285714,6076.66141106732,78.83829139747596,22020.947125353036,9867.624303218394,235.9811485403331,78.30456574538118
2021-04-06 00:00:00+00:00,Germany,6885,2900768,90,15563.714285714286,144.28571428571428,6604.443194150028,81.77349669606852,22168.157479864312,8959.271091564258,226.0592109817828,62.51221758964576
2021-04-07 00:00:00+00:00,Germany,9677,2910445,298,14510.285714285714,151.28571428571428,6908.755597410757,93.4892405319203,21419.04131169647,7601.530116874957,244.77495481763458,57.796473753793975
2021-04-08 00:00:00+00:00,Germany,20407,2930852,306,13954.142857142857,166.28571428571428,6098.539345027596,109.79634827823381,20052.682202170454,7855.603512115261,276.08206256394806,56.48936600748047
2021-04-09 00:00:00+00:00,Germany,25464,2956316,296,14465.0,175.42857142857142,6962.482675022793,118.50015069308061,21427.482675022795,7502.517324977207,293.928722121652,56.9284207354908
2021-04-10 00:00:00+00:00,Germany,24097,2980413,246,15317.57142857143,193.42857142857142,7800.84794230988,118.24671544817969,23118.41937088131,7516.72348626155,311.6752868767511,75.18185598039173
2021-04-11 00:00:00+00:00,Germany,17855,2998268,104,16126.0,198.57142857142858,7716.203837811664,112.52682219934394,23842.203837811663,8409.796162188337,311.09825077077255,86.04460637208464
2021-04-12 00:00:00+00:00,Germany,13245,3011513,99,16804.285714285714,205.57142857142858,7119.419796450278,102.85241391244098,23923.705510735992,9684.865917835436,308.4238424838696,102.7190146589876
2021-04-13 00:00:00+00:00,Germany,10810,3022323,294,17365.0,234.71428571428572,6317.373636778153,93.08547019756483,23682.373636778153,11047.626363221847,327.7997559118505,141.6288155167209
2021-04-14 00:00:00+00:00,Germany,21693,3044016,342,19081.571428571428,241.0,5453.671175062492,99.34619603519614,24535.24260363392,13627.900253508935,340.34619603519616,141.65380396480384
2021-04-15 00:00:00+00:00,Germany,29426,3073442,293,20370.0,239.14285714285714,6734.058706802315,98.0415363870835,27104.058706802316,13635.941293197684,337.1843935299406,141.10132075577366
2021-04-16 00:00:00+00:00,Germany,25831,3099273,247,20422.428571428572,232.14285714285714,6781.589338228492,95.007769105864,27204.017909657065,13640.83923320008,327.15062624872115,137.13508803699312
2021-04-17 00:00:00+00:00,Germany,23804,3123077,219,20380.571428571428,228.28571428571428,6755.985120792848,94.89944553000163,27136.556549364275,13624.58630777858,323.1851598157159,133.38626875571265
2021-04-18 00:00:00+00:00,Germany,19185,3142262,67,20570.571428571428,223.0,6691.514399026156,103.60662784460428,27262.085827597584,13879.05702954527,326.6066278446043,119.39337215539572
2021-04-20 00:00:00+00:00,Germany,21046,3163308,389,20140.714285714286,222.42857142857142,9502.687684970426,142.16874614678636,29643.40197068471,10638.02660074386,364.5973175753578,80.25982528178506
2021-04-21 00:00:00+00:00,Germany,24884,3188192,331,20596.571428571428,220.85714285714286,9664.720790192254,140.67981206913282,30261.29221876368,10931.850638379174,361.5369549262757,80.17733078801004
2021-04-22 00:00:00+00:00,Germany,29518,3217710,259,20609.714285714286,216.0,9678.781237226549,138.34136522866308,30288.495522940837,10930.933048487737,354.3413652286631,77.65863477133692
2021-04-23 00:00:00+00:00,Germany,27543,3245253,265,20854.285714285714,218.57142857142858,9852.77251529176,139.17837133554931,30707.058229577473,11001.513198993955,357.7497999069779,79.39305723587927
2021-04-24 00:00:00+00:00,Germany,23392,3268645,286,20795.428571428572,228.14285714285714,9833.426731598083,141.49726566429888,30628.855303026656,10962.00183983049,369.640122807156,86.64559147855826
2021-04-25 00:00:00+00:00,Germany,18773,3287418,120,20736.571428571428,235.71428571428572,9845.897417319276,132.5741481658537,30582.468845890704,10890.674011252151,368.28843388013945,103.14013754843202
2021-04-26 00:00:00+00:00,Germany,11907,3299325,60,22437.571428571428,244.28571428571428,5906.9493778408705,115.65424662286166,28344.5208064123,16530.622050730555,359.9399609085759,128.63146766285263
2021-04-27 00:00:00+00:00,Germany,10976,3310301,344,20999.0,237.85714285714286,7351.836958655991,107.21229495945487,28350.836958655993,13647.163041344009,345.0694378165977,130.644847897688
2021-04-28 00:00:00+00:00,Germany,22231,3332532,312,20620.0,235.14285714285714,7184.661346692697,104.67159527369317,27804.661346692697,13435.338653307303,339.8144524165503,130.47126186916398
2021-04-29 00:00:00+00:00,Germany,24736,3357268,264,19936.85714285714,235.85714285714286,6379.8695762152665,104.87838762334762,26316.72671907241,13556.987566641874,340.73553048049047,130.97875523379525
2021-04-30 00:00:00+00:00,Germany,24329,3381597,306,19477.714285714286,241.71428571428572,5833.498656160115,107.87912106567107,25311.2129418744,13644.215629554172,349.5934067799568,133.83516464861464
2021-05-01 00:00:00+00:00,Germany,18935,3400532,232,18841.0,234.0,5572.451734499505,106.10058121108622,24413.451734499504,13268.548265500496,340.10058121108625,127.89941878891378
2021-05-02 00:00:00+00:00,Germany,16290,3416822,110,18486.285714285714,232.57142857142858,5655.904458005668,107.94266555730418,24142.190172291383,12830.381256280045,340.5140941287328,124.6287630141244
2021-05-03 00:00:00+00:00,Germany,9160,3425982,84,18093.85714285714,236.0,6252.334695363824,101.75133086761224,24346.191838220966,11841.522447493317,337.75133086761224,134.24866913238776
2021-05-04 00:00:00+00:00,Germany,7534,3433516,315,17602.14285714286,231.85714285714286,6996.47943441439,97.10549001201305,24598.62229155725,10605.663422728469,328.9626328691559,134.7516528451298
2021-05-05 00:00:00+00:00,Germany,18034,3451550,285,17002.571428571428,228.0,6707.55951289592,93.87402906731083,23710.13094146735,10295.011915675506,321.87402906731086,134.12597093268917
2021-05-06 00:00:00+00:00,Germany,21953,3473503,250,16605.0,226.0,6238.89028593971,93.1253635339499,22843.89028593971,10366.10971406029,319.1253635339499,132.8746364660501
2021-05-07 00:00:00+00:00,Germany,18485,3491988,284,15770.142857142857,222.85714285714286,5362.490572751612,90.30398398634759,21132.633429894468,10407.652284391246,313.1611268434905,132.55315887079527
2021-05-08 00:00:00+00:00,Germany,15685,3507673,238,15305.857142857143,223.71428571428572,5180.409103167738,90.43361153484412,20486.266246024883,10125.448039689405,314.14789724912987,133.2806741794416
2021-05-09 00:00:00+00:00,Germany,12656,3520329,127,14786.714285714286,226.14285714285714,5247.006629633813,87.03529661660174,20033.720915348098,9539.707656080474,313.1781537594589,139.10756052625538
2021-05-10 00:00:00+00:00,Germany,6922,3527251,54,14467.0,221.85714285714286,5695.974719044368,95.52561361823254,20162.974719044367,8771.025280955633,317.3827564753754,126.33152923891032
2021-05-11 00:00:00+00:00,Germany,6125,3533376,283,14265.714285714286,217.28571428571428,5998.661398297216,90.98299160778222,20264.375684011502,8267.05288741707,308.26870589349653,126.30272267793205
2021-05-12 00:00:00+00:00,Germany,14909,3548285,268,13819.285714285714,214.85714285714286,5783.919971618531,89.08128978900791,19603.205685904246,8035.3657426671825,303.9384326461508,125.77585306813495
2021-05-13 00:00:00+00:00,Germany,17419,3565704,278,13171.57142857143,218.85714285714286,4908.942175836528,91.5176277581166,18080.513604407955,8262.629252734901,310.3747706152595,127.33951509902626
2021-05-14 00:00:00+00:00,Germany,11336,3577040,190,12150.285714285714,205.42857142857142,4328.6238657823815,87.15858562193448,16478.909580068095,7821.661848503332,292.5871570505059,118.26998580663694
2021-05-15 00:00:00+00:00,Germany,7894,3584934,177,11037.285714285714,196.71428571428572,4269.509874847539,86.40546719914093,15306.795589133253,6767.775839438174,283.1197529134266,110.3088185151448
2021-05-16 00:00:00+00:00,Germany,8500,3593434,71,10443.57142857143,188.71428571428572,4295.780753914972,95.9960316639973,14739.3521824864,6147.790674656458,284.71031737828304,92.71825405028842
2021-05-17 00:00:00+00:00,Germany,5412,3598846,64,10227.857142857143,190.14285714285714,4533.429732867723,93.70419515941249,14761.286875724865,5694.42740998942,283.8470523022696,96.43866198344465
2021-05-18 00:00:00+00:00,Germany,4209,3603055,221,9954.142857142857,181.28571428571428,4867.933833724092,86.08467592184175,14822.07669086695,5086.209023418764,267.37039020755606,95.20103836387253
2021-05-19 00:00:00+00:00,Germany,11040,3614095,284,9401.42857142857,183.57142857142858,4409.661810808867,88.93603908211865,13811.090382237438,4991.766760619704,272.5074676535472,94.63538948930993
2021-05-20 00:00:00+00:00,Germany,12298,3626393,237,8669.857142857143,177.71428571428572,3083.0991133677303,82.82051735672263,11752.956256224874,5586.758029489412,260.53480307100835,94.89376835756309
2021-05-21 00:00:00+00:00,Germany,8769,3635162,226,8303.142857142857,182.85714285714286,2857.53847617995,84.80453716521666,11160.681333322807,5445.604380962906,267.6616800223595,98.0526056919262
2021-05-22 00:00:00+00:00,Germany,7082,3642244,170,8187.142857142857,181.85714285714286,2893.1746363090747,84.92629857984676,11080.317493451932,5293.968220833782,266.7834414369896,96.9308442772961
2021-05-23 00:00:00+00:00,Germany,6714,3648958,82,7932.0,183.42857142857142,2939.369036600366,82.60318222854858,10871.369036600367,4992.630963399633,266.03175365712,100.82538920002284
2021-05-24 00:00:00+00:00,Germany,2682,3651640,43,7542.0,180.42857142857142,3463.7826625417633,87.87653676768794,11005.782662541764,4078.2173374582367,268.30510819625937,92.55203466088348
2021-05-25 00:00:00+00:00,Germany,1911,3653551,33,7213.714285714285,153.57142857142858,3912.194896059427,101.13828345858721,11125.909181773712,3301.5193896548585,254.7097120300158,52.43314511284137
2021-05-26 00:00:00+00:00,Germany,2626,3656177,270,6011.714285714285,151.57142857142858,3832.4197192835295,98.22568764983463,9844.134004997815,2179.294566430756,249.7971162212632,53.34574092159396
2021-05-27 00:00:00+00:00,Germany,6313,3662490,269,5156.714285714285,156.14285714285714,2695.083654500008,103.46888191048879,7851.797940214294,2461.6306312142774,259.6117390533459,52.67397523236835
2021-05-28 00:00:00+00:00,Germany,7380,3669870,192,4958.285714285715,151.28571428571428,2422.1075336890162,100.39540873583441,7380.393247974731,2536.1781805966984,251.68112302154867,50.89030554987987
2021-05-29 00:00:00+00:00,Germany,5426,3675296,163,4721.714285714285,150.28571428571428,2255.233226243586,100.21263108295577,6976.947511957871,2466.481059470699,250.49834536867004,50.07308320275851
2021-05-30 00:00:00+00:00,Germany,3852,3679148,56,4312.857142857143,146.57142857142858,2087.0039473325305,103.59031026572684,6399.861090189674,2225.8531955246126,250.16173883715544,42.98111830570174
2021-05-31 00:00:00+00:00,Germany,1978,3681126,36,4212.285714285715,145.57142857142858,2192.9650182845244,104.78367739116729,6405.250732570239,2019.3206960011903,250.35510596259587,40.787751180261296
2021-06-01 00:00:00+00:00,Germany,1785,3682911,153,4194.285714285715,162.71428571428572,2215.4046067072354,92.37913596641775,6409.69032099295,1978.8811075784793,255.09342168070347,70.33514974786797
2021-06-02 00:00:00+00:00,Germany,4917,3687828,179,4521.571428571428,149.71428571428572,2111.914207310216,80.39012021740355,6633.485635881645,2409.6572212612123,230.10440593168926,69.32416549688217
2021-06-03 00:00:00+00:00,Germany,4640,3692468,166,4282.571428571428,135.0,1964.9449404598347,62.31104770956645,6247.516369031263,2317.626488111594,197.31104770956645,72.68895229043355
2021-06-04 00:00:00+00:00,Germany,3165,3695633,86,3680.4285714285716,119.85714285714286,1430.7877617028366,58.939032260521195,5111.216333131408,2249.640809725735,178.79617511766406,60.918110596621666
2021-06-05 00:00:00+00:00,Germany,2294,3697927,122,3233.0,114.0,1275.1954098585288,55.895736271477645,4508.195409858528,1957.8045901414712,169.89573627147763,58.104263728522355
2021-06-06 00:00:00+00:00,Germany,2440,3700367,74,3031.285714285714,116.57142857142857,1272.6355480207742,53.128326226376544,4303.921262306489,1758.65016626494,169.6997547978051,63.443102345052026
2021-06-07 00:00:00+00:00,Germany,1117,3701484,22,2908.285714285714,114.57142857142857,1424.0074571736336,56.80333658876293,4332.293171459348,1484.2782571120806,171.3747651601915,57.76809198266564
2021-06-08 00:00:00+00:00,Germany,1204,3702688,140,2825.285714285714,112.71428571428571,1514.451464420734,55.53591716389805,4339.7371787064485,1310.8342498649802,168.25020287818376,57.17836855038766
2021-06-09 00:00:00+00:00,Germany,3254,3705942,107,2587.714285714286,102.42857142857143,1236.5830224531646,47.26470544655552,3824.2973081674504,1351.1312632611211,149.69327687512694,55.16386598201591
2021-06-10 00:00:00+00:00,Germany,3187,3709129,94,2380.1428571428573,92.14285714285714,914.7395674077281,38.063230601287906,3294.8824245505857,1465.4032897351292,130.20608774414504,54.07962654156923
2021-06-11 00:00:00+00:00,Germany,2440,3711569,102,2276.5714285714284,94.42857142857143,849.8023019336547,38.11323979428066,3126.373730505083,1426.7691266377738,132.5418112228521,56.31533163429077
2021-06-12 00:00:00+00:00,Germany,1911,3713480,129,2221.8571428571427,95.42857142857143,860.7522734104477,39.03783268765916,3082.6094162675904,1361.104869446695,134.4664041162306,56.39073874091227
2021-06-13 00:00:00+00:00,Germany,1489,3714969,18,2086.0,87.42857142857143,894.9543749957824,48.702693775084846,2980.9543749957825,1191.0456250042175,136.13126520365628,38.725877653486585
2021-06-14 00:00:00+00:00,Germany,549,3715518,10,2004.857142857143,85.71428571428571,1015.1337233001484,51.51929827972627,3019.9908661572913,989.7234195569945,137.23358399401198,34.19498743455944
