Date_reported,Country,New_cases,Cumulative_cases,New_deaths,MA,MA_deaths,MSTD_cases,MSTD_deaths,OTG_cases,UTG_cases,OTG_deaths,UTG_deaths
2021-04-02 00:00:00+00:00,Israel,492,833601,16,431.42857142857144,10.857142857142858,229.6859138177788,2.968084197671931,661.1144852463502,201.74265761079263,13.825227054814789,7.889058659470926
2021-04-03 00:00:00+00:00,Israel,335,833936,7,359.0,10.428571428571429,141.7403728370735,3.3094381618829645,500.7403728370735,217.2596271629265,13.738009590454393,7.119133266688465
2021-04-04 00:00:00+00:00,Israel,418,834354,16,344.42857142857144,11.142857142857142,126.89609531531033,3.933978961704839,471.3246667438818,217.5324761132611,15.07683610456198,7.208878181152303
2021-04-05 00:00:00+00:00,Israel,124,834478,7,329.14285714285717,11.285714285714286,147.59339240784632,3.728908942265499,476.7362495507035,181.54946473501084,15.014623227979786,7.556805343448787
2021-04-06 00:00:00+00:00,Israel,196,834674,8,338.7142857142857,10.714285714285714,133.9971568873348,3.9036002911467973,472.71144260162055,204.71712882695093,14.61788600543251,6.810685423138916
2021-04-07 00:00:00+00:00,Israel,380,835054,6,341.14285714285717,10.142857142857142,134.6630714627985,4.2983939408966485,475.8059286056557,206.47978568005865,14.44125108375379,5.844463201960494
2021-04-08 00:00:00+00:00,Israel,305,835359,6,321.42857142857144,9.428571428571429,127.15850609742758,4.540820147726036,448.587077525999,194.27006533114388,13.969391576297465,4.887751280845393
2021-04-09 00:00:00+00:00,Israel,276,835635,9,290.57142857142856,8.428571428571429,102.72918608125362,3.505098326817967,393.30061465268216,187.84224249017495,11.933669755389396,4.923473101753462
2021-04-10 00:00:00+00:00,Israel,212,835847,11,273.0,9.0,104.36953558689379,3.559026083300608,377.3695355868938,168.6304644131062,12.559026083300608,5.440973916699392
2021-04-11 00:00:00+00:00,Israel,223,836070,10,245.14285714285714,8.142857142857142,83.06709827455927,1.9518001446028868,328.2099554174164,162.07575886829787,10.094657287460029,6.191056998254256
2021-04-12 00:00:00+00:00,Israel,86,836156,9,239.71428571428572,8.428571428571429,92.95646680309531,1.9023794610948277,332.67075251738106,146.7578189111904,10.330950889666257,6.526191967476601
2021-04-13 00:00:00+00:00,Israel,139,836295,6,231.57142857142858,8.142857142857142,99.67757524250827,2.1157009408558944,331.24900381393684,131.89385332892033,10.258558083713037,6.0271562020012475
2021-04-14 00:00:00+00:00,Israel,221,836516,6,208.85714285714286,8.142857142857142,75.36893358057881,2.1157009408558944,284.22607643772164,133.48820927656405,10.258558083713037,6.0271562020012475
2021-04-15 00:00:00+00:00,Israel,199,836715,13,193.71428571428572,9.142857142857142,62.35841071710143,2.5448360401286707,256.07269643138716,131.3558749971843,11.687693182985813,6.598021102728472
2021-04-16 00:00:00+00:00,Israel,196,836911,3,182.28571428571428,8.285714285714286,51.07417534486494,3.4503277959796574,233.35988963057923,131.21153894084932,11.736042081693943,4.8353864897346295
2021-04-17 00:00:00+00:00,Israel,95,837006,2,165.57142857142858,7.0,58.35482561764213,3.915780040845275,223.9262541890707,107.21660295378646,10.915780040845275,3.084219959154725
2021-04-18 00:00:00+00:00,Israel,109,837115,5,149.28571428571428,6.285714285714286,55.49388603390862,3.7289089422659982,204.7796003196229,93.79182825180565,10.014623227980284,2.5568053434482874
2021-04-19 00:00:00+00:00,Israel,83,837198,6,148.85714285714286,5.857142857142857,56.072656578012165,3.532165125123713,204.92979943515502,92.7844862791307,9.389307982266569,2.3249777320191436
2021-04-20 00:00:00+00:00,Israel,141,837339,4,149.14285714285714,5.571428571428571,56.01912901604066,3.5989416426681475,205.1619861588978,93.12372812681647,9.17037021409672,1.9724869287604236
2021-04-21 00:00:00+00:00,Israel,133,837472,3,136.57142857142858,5.142857142857143,46.223576302432825,3.716116764106596,182.79500487386142,90.34785226899575,8.85897390696374,1.426740378750547
2021-04-22 00:00:00+00:00,Israel,159,837631,3,130.85714285714286,3.7142857142857144,39.151110870254435,1.3801311168556554,170.0082537273973,91.70603198688843,5.09441683114137,2.334154597430059
2021-04-23 00:00:00+00:00,Israel,114,837745,2,119.14285714285714,3.5714285714285716,26.698492136638304,1.5118578903672546,145.84134927949543,92.44436500621883,5.083286461795826,2.059570681061317
2021-04-24 00:00:00+00:00,Israel,129,837874,2,124.0,3.5714285714285716,24.58319124719052,1.5118578903672546,148.5831912471905,99.41680875280949,5.083286461795826,2.059570681061317
2021-04-25 00:00:00+00:00,Israel,108,837982,5,123.85714285714286,3.5714285714285716,24.68757073992382,1.5118578903672546,148.54471359706667,99.16957211721905,5.083286461795826,2.059570681061317
2021-04-26 00:00:00+00:00,Israel,39,838021,4,117.57142857142857,3.2857142857142856,38.53940415789639,1.1126972782598554,156.11083272932495,79.03202441353218,4.3984115639741415,2.17301700745443
2021-04-27 00:00:00+00:00,Israel,77,838098,2,108.42857142857143,3.0,39.631035895813454,1.1547005361933445,148.0596073243849,68.79753553275798,4.154700536193344,1.8452994638066555
2021-04-28 00:00:00+00:00,Israel,93,838191,2,102.71428571428571,2.857142857142857,38.36106603218015,1.2149857905105088,141.07535174646586,64.35321968210556,4.072128647653366,1.6421570666323484
2021-04-29 00:00:00+00:00,Israel,87,838278,5,92.42857142857143,3.142857142857143,29.347668950622662,1.4638501076984967,121.77624037919409,63.08090247794877,4.6067072505556395,1.6790070351586461
2021-04-30 00:00:00+00:00,Israel,96,838374,0,89.85714285714286,2.857142857142857,27.895211339787817,1.8644544701178536,117.75235419693068,61.96193151735504,4.721597327260711,0.9926883870250036
2021-05-01 00:00:00+00:00,Israel,94,838468,2,84.85714285714286,2.857142857142857,22.2817447481723,1.8644544701178536,107.13888760531516,62.57539810897056,4.721597327260711,0.9926883870250036
2021-05-02 00:00:00+00:00,Israel,79,838547,2,80.71428571428571,2.4285714285714284,19.821824347157644,1.6183471858658474,100.53611006144335,60.892461367128064,4.046918614437276,0.810224242705581
2021-05-03 00:00:00+00:00,Israel,13,838560,2,77.0,2.142857142857143,29.171903581070644,1.4638501076987507,106.17190358107064,47.828096418929356,3.6067072505558935,0.6790070351583921
2021-05-04 00:00:00+00:00,Israel,50,838610,1,73.14285714285714,2.0,30.905384897854827,1.5275252299997997,104.04824204071197,42.23747224500231,3.5275252299997994,0.47247477000020033
2021-05-05 00:00:00+00:00,Israel,65,838675,2,69.14285714285714,2.0,29.69527710511513,1.5275252299997997,98.83813424797228,39.44758003774201,3.5275252299997994,0.47247477000020033
2021-05-06 00:00:00+00:00,Israel,72,838747,2,67.0,1.5714285714285714,28.717009336033524,0.7867957892620836,95.71700933603353,38.28299066396647,2.358224360690655,0.7846327821664878
2021-05-07 00:00:00+00:00,Israel,68,838815,2,63.0,1.8571428571428572,25.80697499780873,0.3779644663322947,88.80697499780874,37.19302500219127,2.2351073234751517,1.4791783908105625
2021-05-08 00:00:00+00:00,Israel,48,838863,2,56.42857142857143,1.8571428571428572,22.202530024463503,0.3779644663322947,78.63110145303493,34.22604140410793,2.2351073234751517,1.4791783908105625
2021-05-09 00:00:00+00:00,Israel,33,838896,2,49.857142857142854,1.8571428571428572,21.192989776692134,0.3779644663322947,71.05013263383499,28.66415308045072,2.2351073234751517,1.4791783908105625
2021-05-10 00:00:00+00:00,Israel,16,838912,1,50.285714285714285,1.7142857142857142,20.336454634565115,0.48795003130244585,70.62216892027939,29.94925965114917,2.20223574558816,1.2263356829832683
2021-05-11 00:00:00+00:00,Israel,34,838946,1,48.0,1.7142857142857142,21.252449863439818,0.48795003130244585,69.25244986343982,26.747550136560182,2.20223574558816,1.2263356829832683
2021-05-12 00:00:00+00:00,Israel,52,838998,2,46.142857142857146,1.7142857142857142,20.05349883869271,0.48795003130244585,66.19635598154986,26.089358304164435,2.20223574558816,1.2263356829832683
2021-05-13 00:00:00+00:00,Israel,34,839032,1,40.714285714285715,1.5714285714285714,16.760212422076354,0.5345224791037435,57.47449813636207,23.95407329220936,2.105951050532315,1.0369060923248279
2021-05-14 00:00:00+00:00,Israel,27,839059,0,34.857142857142854,1.2857142857142858,12.171393333090883,0.7559289426802696,47.02853619023374,22.68574952405197,2.0416432283945554,0.5297853430340163
2021-05-15 00:00:00+00:00,Israel,31,839090,2,32.42857142857143,1.2857142857142858,10.721582881148397,0.7559289426802696,43.150154309719824,21.706988547423034,2.0416432283945554,0.5297853430340163
2021-05-16 00:00:00+00:00,Israel,27,839117,0,31.571428571428573,1.0,10.90652737937158,0.8164965778372977,42.47795595080015,20.664901192056995,1.8164965778372977,0.18350342216270232
2021-05-17 00:00:00+00:00,Israel,20,839137,1,32.142857142857146,1.0,10.023779177586984,0.8164965778372977,42.16663632044413,22.11907796527016,1.8164965778372977,0.18350342216270232
2021-05-18 00:00:00+00:00,Israel,29,839166,1,31.428571428571427,1.0,10.047504141672356,0.8164965778372977,41.47607557024378,21.38106728689907,1.8164965778372977,0.18350342216270232
2021-05-19 00:00:00+00:00,Israel,15,839181,3,26.142857142857142,1.1428571428571428,6.542895561744238,1.0690449652892942,32.685752704601384,19.599961581112904,2.211902108146437,0.07381217756784864
2021-05-20 00:00:00+00:00,Israel,22,839203,0,24.428571428571427,1.0,5.652640044620272,1.1547005361939886,30.0812114731917,18.775931383951153,2.154700536193989,-0.1547005361939886
2021-05-21 00:00:00+00:00,Israel,55,839258,0,28.428571428571427,1.0,12.95964272176087,1.1547005361939886,41.388214150332296,15.468928706810557,2.154700536193989,-0.1547005361939886
2021-05-22 00:00:00+00:00,Israel,33,839291,0,28.714285714285715,0.7142857142857143,13.047530561815952,1.1126972782607147,41.76181627610167,15.666755152469763,1.8269829925464292,-0.39841156397500044
2021-05-23 00:00:00+00:00,Israel,22,839313,2,28.0,1.0,13.291599797985155,1.1547005361939886,41.29159979798516,14.708400202014845,2.154700536193989,-0.1547005361939886
2021-05-24 00:00:00+00:00,Israel,12,839325,0,26.857142857142858,0.8571428571428571,14.392456901638424,1.2149857905111212,41.24959975878128,12.464685955504434,2.072128647653978,-0.3578429333682641
2021-05-25 00:00:00+00:00,Israel,26,839351,1,26.428571428571427,0.8571428571428571,14.362648530413894,1.2149857905111212,40.79121995898532,12.065922898157533,2.072128647653978,-0.3578429333682641
2021-05-26 00:00:00+00:00,Israel,29,839380,0,28.428571428571427,0.42857142857142855,13.451852641018988,0.7867957892626246,41.88042406959042,14.97671878755244,1.215367217834053,-0.35822436069119606
2021-05-27 00:00:00+00:00,Israel,22,839402,0,28.428571428571427,0.42857142857142855,13.451852641018988,0.7867957892626246,41.88042406959042,14.97671878755244,1.215367217834053,-0.35822436069119606
2021-05-28 00:00:00+00:00,Israel,14,839416,0,22.571428571428573,0.42857142857142855,7.6126433959092665,0.7867957892626246,30.18407196733784,14.958785175519306,1.215367217834053,-0.35822436069119606
2021-05-29 00:00:00+00:00,Israel,38,839454,3,23.285714285714285,0.8571428571428571,8.882832905439326,1.2149857905111212,32.16854719115361,14.402881380274959,2.072128647653978,-0.3578429333682641
2021-05-31 00:00:00+00:00,Israel,4,839458,3,19.0,1.0,13.723457722191036,1.4142135605888353,32.723457722191036,5.276542277808964,2.414213560588835,-0.4142135605888353
2021-06-01 00:00:00+00:00,Israel,25,839483,1,18.857142857142858,1.0,13.643416568522337,1.4142135605888353,32.500559425665195,5.213726288620521,2.414213560588835,-0.4142135605888353
2021-06-02 00:00:00+00:00,Israel,32,839515,1,19.285714285714285,1.1428571428571428,14.056008931804842,1.34518541639324,33.341723217519124,5.229705353909443,2.488042559250383,-0.20232827353609717
2021-06-04 00:00:00+00:00,Israel,24,839539,4,17.571428571428573,1.7142857142857142,15.935882136588013,1.6035674499008112,33.50731070801659,1.6355464348405597,3.317853164186525,0.11071826438490295
2021-06-06 00:00:00+00:00,Israel,27,839566,1,16.0,1.4285714285714286,14.011898224420953,1.5118578903677813,30.011898224420953,1.9881017755790467,2.94042931893921,-0.08328646179635268
2021-06-07 00:00:00+00:00,Israel,11,839577,0,17.0,1.0,13.24134781100256,1.4142135605888353,30.241347811002562,3.7586521889974396,2.414213560588835,-0.4142135605888353
2021-06-08 00:00:00+00:00,Israel,8,839585,0,14.571428571428571,0.8571428571428571,13.087615245082834,1.4638501076990773,27.659043816511407,1.4838133263457376,2.3209929648419343,-0.6067072505562202
2021-06-10 00:00:00+00:00,Israel,39,839624,10,15.571428571428571,2.142857142857143,14.797038199261447,3.760699022496967,30.36846677069002,0.7743903721671241,5.90355616535411,-1.6178418796398244
2021-06-11 00:00:00+00:00,Israel,6,839630,0,13.0,1.5714285714285714,14.651505901566253,3.735288602950765,27.651505901566253,-1.651505901566253,5.306717174379337,-2.1638600315221934
2021-06-12 00:00:00+00:00,Israel,23,839653,0,16.285714285714285,1.5714285714285714,13.804759581019287,3.735288602950765,30.09047386673357,2.480954704694998,5.306717174379337,-2.1638600315221934
2021-06-13 00:00:00+00:00,Israel,10,839663,2,13.857142857142858,1.7142857142857142,13.082156384181229,3.728908942266454,26.939299241324086,0.7749864729616291,5.443194656552168,-2.0146232279807395
2021-06-14 00:00:00+00:00,Israel,11,839674,0,13.857142857142858,1.7142857142857142,13.082156384181229,3.728908942266454,26.939299241324086,0.7749864729616291,5.443194656552168,-2.0146232279807395
