Date_reported,Country,New_cases,Cumulative_cases,New_deaths,MA,MA_deaths,MSTD_cases,MSTD_deaths,OTG_cases,UTG_cases,OTG_deaths,UTG_deaths
2021-04-02 00:00:00+00:00,Italy,22184,3607083,501,20362.85714285714,435.42857142857144,4404.545774101724,78.62539272364302,24767.402916958865,15958.311368755418,514.0539641522145,356.8031787049284
2021-04-03 00:00:00+00:00,Italy,21917,3629000,481,20054.428571428572,438.85714285714283,4170.574974630522,80.22972967550267,24225.003546059095,15883.85359679805,519.0868725326455,358.6274131816402
2021-04-04 00:00:00+00:00,Italy,21247,3650247,376,19684.85714285714,438.2857142857143,3884.6526841092364,80.73147730944937,23569.50982696638,15800.204458747905,519.0171915951637,357.5542369762649
2021-04-05 00:00:00+00:00,Italy,18017,3668264,326,19458.14285714286,442.42857142857144,3936.126963927486,72.6082115256056,23394.269821070346,15522.015893215372,515.036782954177,369.82035990296583
2021-04-06 00:00:00+00:00,Italy,10680,3678944,296,19141.0,425.14285714285717,4588.047333376122,91.5922641773725,23729.047333376122,14552.952666623878,516.7351213202296,333.55059296548467
2021-04-07 00:00:00+00:00,Italy,7763,3686707,421,17956.428571428572,409.7142857142857,6277.1290108626545,79.47686096321489,24233.55758229123,11679.299560565918,489.1911466775006,330.2374247510708
2021-04-08 00:00:00+00:00,Italy,13686,3700393,627,16499.14285714286,432.57142857142856,5839.708937623163,114.14443648705398,22338.851794766022,10659.433919519695,546.7158650584826,318.42699208437455
2021-04-09 00:00:00+00:00,Italy,17209,3717602,487,15788.42857142857,430.57142857142856,5311.366674627732,112.86106081201687,21099.795246056303,10477.061896800838,543.4324893834454,317.71036775941167
2021-04-10 00:00:00+00:00,Italy,18924,3736526,718,15360.857142857143,464.42857142857144,4834.88012359032,157.307403028636,20195.737266447464,10525.977019266822,621.7359744572075,307.1211683999354
2021-04-11 00:00:00+00:00,Italy,17551,3754077,344,14832.857142857143,459.85714285714283,4251.567453244573,160.73314175097036,19084.424596101715,10581.289689612571,620.5902846081132,299.1240011061725
2021-04-12 00:00:00+00:00,Italy,15737,3769814,331,14507.142857142857,460.57142857142856,4049.506860037209,160.04880208115813,18556.649717180066,10457.635997105648,620.6202306525867,300.52262649027045
2021-04-13 00:00:00+00:00,Italy,9780,3779594,358,14378.57142857143,469.42857142857144,4202.661413003135,150.8761712385813,18581.232841574565,10175.910015568294,620.3047426671527,318.5524001899902
2021-04-14 00:00:00+00:00,Italy,13439,3793033,476,15189.42857142857,477.2857142857143,3122.199057130379,149.35830998608483,18311.62762855895,12067.229514298191,626.6440242717991,327.9274042996294
2021-04-15 00:00:00+00:00,Italy,16160,3809193,469,15542.857142857143,454.7142857142857,3063.1163558521284,134.1239654022829,18605.97349870927,12479.740787005016,588.8382511165686,320.59032031200286
2021-04-16 00:00:00+00:00,Italy,16963,3826156,380,15507.714285714286,439.42857142857144,3042.1543744623214,135.91646594243252,18549.86866017661,12465.559911251965,575.345037371004,303.5121054861389
2021-04-17 00:00:00+00:00,Italy,15923,3842079,429,15079.0,398.14285714285717,2669.0542020157936,59.742303748161845,17748.054202015795,12409.945797984206,457.88516089101904,338.4005533946953
2021-04-18 00:00:00+00:00,Italy,15364,3857443,310,14766.57142857143,393.2857142857143,2450.5190509384597,65.93864391917343,17217.09047950989,12316.05237763297,459.2243582048877,327.34707036654083
2021-04-19 00:00:00+00:00,Italy,12688,3870131,251,14331.0,381.85714285714283,2519.289979332379,83.20542564723564,16850.289979332378,11811.71002066762,465.0625685043785,298.6517172099072
2021-04-20 00:00:00+00:00,Italy,8863,3878994,316,14200.0,375.85714285714283,2803.2192208181805,86.65531061128146,17003.21922081818,11396.78077918182,462.51245346842427,289.2018322458614
2021-04-21 00:00:00+00:00,Italy,12069,3891063,390,14004.285714285714,363.57142857142856,2910.960306278035,75.46490827495396,16915.246020563747,11093.325408007679,439.0363368463825,288.1065202964746
2021-04-22 00:00:00+00:00,Italy,13836,3904899,364,13672.285714285714,348.57142857142856,2752.32590815953,59.832703272936264,16424.611622445245,10919.959806126184,408.4041318443648,288.7387252984923
2021-04-23 00:00:00+00:00,Italy,16046,3920945,360,13541.285714285714,345.7142857142857,2586.418998936457,58.545464628494415,16127.70471322217,10954.866715349257,404.25975034278014,287.1688210857913
2021-04-24 00:00:00+00:00,Italy,14758,3935703,342,13374.857142857143,333.2857142857143,2441.0148455416315,45.75556172277107,15815.871988398774,10933.842297315512,379.04127600848534,287.5301525629432
2021-04-25 00:00:00+00:00,Italy,13814,3949517,322,13153.42857142857,335.0,2296.5286744007844,44.95553358592112,15449.957245829355,10856.899897027786,379.9555335859211,290.0444664140789
2021-04-26 00:00:00+00:00,Italy,13157,3962674,217,13220.42857142857,330.14285714285717,2287.510645296553,56.019129385753104,15507.939216725124,10932.917926132017,386.16198652861027,274.12372775710406
2021-04-27 00:00:00+00:00,Italy,8440,3971114,301,13160.0,328.0,2423.35793200896,56.92978130991629,15583.35793200896,10736.64206799104,384.9297813099163,271.0702186900837
2021-04-28 00:00:00+00:00,Italy,10398,3981512,373,12921.285714285714,325.57142857142856,2622.8309587274625,54.138270945305216,15544.116673013177,10298.45475555825,379.7096995167338,271.4331576261233
2021-04-29 00:00:00+00:00,Italy,13382,3994894,344,12856.42857142857,322.7142857142857,2601.9724477810246,52.26762632738993,15458.401019209596,10254.456123647546,374.9819120416756,270.4466593868958
2021-04-30 00:00:00+00:00,Italy,14314,4009208,288,12609.0,312.42857142857144,2314.597373186935,50.77025750982527,14923.597373186934,10294.402626813066,363.19882893839673,261.65831391874616
2021-05-01 00:00:00+00:00,Italy,13445,4022653,263,12421.42857142857,301.14285714285717,2159.420435906682,51.86980037045769,14580.849007335253,10262.008135521888,353.0126575133149,249.27305677239949
2021-05-02 00:00:00+00:00,Italy,12964,4035617,226,12300.0,287.42857142857144,2090.872784261094,57.78943716298001,14390.872784261093,10209.127215738907,345.21800859155144,229.63913426559145
2021-05-03 00:00:00+00:00,Italy,9145,4044762,144,11726.857142857143,277.0,2350.5538658269443,76.25396164568534,14077.411008684088,9376.303277030198,353.2539616456853,200.74603835431466
2021-05-04 00:00:00+00:00,Italy,5946,4050708,256,11370.57142857143,270.57142857142856,3024.2608935646294,75.78886713065037,14394.832322136059,8346.3105350068,346.36029570207893,194.78256144077818
2021-05-05 00:00:00+00:00,Italy,9113,4059821,305,11187.0,260.85714285714283,3130.2760261617996,63.896866306608,14317.276026161799,8056.7239738382,324.7540091637508,196.96027655053484
2021-05-06 00:00:00+00:00,Italy,10579,4070400,267,10786.57142857143,249.85714285714286,2978.2826627119816,52.87541511708967,13764.85409128341,7808.288765859448,302.7325579742325,196.9817277400532
2021-05-07 00:00:00+00:00,Italy,11798,4082198,258,10427.142857142857,245.57142857142858,2610.7763486787135,50.42769458291167,13037.91920582157,7816.366508464143,295.9991231543403,195.1437339885169
2021-05-08 00:00:00+00:00,Italy,10549,4092747,207,10013.42857142857,237.57142857142858,2258.546350866077,51.629633425137726,12271.974922294648,7754.882220562494,289.2010619965663,185.94179514629087
2021-05-09 00:00:00+00:00,Italy,10174,4102921,224,9614.857142857143,237.28571428571428,1862.5290537742424,51.709813013583926,11477.386196631385,7752.328089082901,288.9955272992982,185.57590127213035
2021-05-10 00:00:00+00:00,Italy,8289,4111210,139,9492.57142857143,236.57142857142858,1925.553674230766,53.22548619737948,11418.125102802196,7567.0177543406635,289.79691476880805,183.34594237404912
2021-05-11 00:00:00+00:00,Italy,5077,4116287,198,9368.42857142857,228.28571428571428,2200.6727650903076,54.20244239791994,11569.101336518877,7167.755806338263,282.4881566836342,174.08327188779435
2021-05-12 00:00:00+00:00,Italy,6943,4123230,251,9058.42857142857,220.57142857142858,2387.5553645957825,44.42543244149827,11445.983936024353,6670.873206832788,264.99686101292684,176.14599612993032
2021-05-13 00:00:00+00:00,Italy,7848,4131078,262,8668.285714285714,219.85714285714286,2319.8435086712716,43.58680446883672,10988.129222956984,6348.442205614442,263.4439473259796,176.27033838830613
2021-05-14 00:00:00+00:00,Italy,8082,4139160,201,8137.428571428572,211.71428571428572,1864.8502046213819,40.4875054212184,10002.278776049954,6272.57836680719,252.20179113550412,171.22678029306732
2021-05-15 00:00:00+00:00,Italy,7562,4146722,182,7710.714285714285,208.14285714285714,1533.3429399160939,42.04532701507534,9244.057225630379,6177.371345798191,250.18818415793248,166.0975301277818
2021-05-16 00:00:00+00:00,Italy,6652,4153374,136,7207.571428571428,195.57142857142858,1109.6451169973438,49.08107966362906,8317.216545568772,6097.926311574085,244.65250823505764,146.49034890779953
2021-05-17 00:00:00+00:00,Italy,5748,4159122,93,6844.571428571428,189.0,1112.5310268374133,59.82195806442479,7957.102455408842,5732.040401734015,248.8219580644248,129.1780419355752
2021-05-18 00:00:00+00:00,Italy,3454,4162576,140,6612.714285714285,180.71428571428572,1603.2110189834978,62.33167810377994,8215.925304697783,5009.503266730788,243.04596381806567,118.38260761050577
2021-05-19 00:00:00+00:00,Italy,4449,4167025,201,6256.428571428572,173.57142857142858,1784.4563931374212,55.41617436225219,8040.884964565993,4471.97217829115,228.98760293368076,118.15525420917639
2021-05-20 00:00:00+00:00,Italy,5500,4172525,149,5921.0,157.42857142857142,1651.1211342482616,39.55105199967374,7572.121134248262,4269.878865751738,196.97962342824516,117.87751942889767
2021-05-21 00:00:00+00:00,Italy,5736,4178261,164,5585.857142857143,152.14285714285714,1350.0163490929576,34.963926988703385,6935.8734919501,4235.840793764186,187.10678413156052,117.17893015415376
2021-05-22 00:00:00+00:00,Italy,5215,4183476,218,5250.571428571428,157.28571428571428,1031.2406536183935,42.0226696189086,6281.812082189822,4219.330774953035,199.30838390462287,115.26304466680568
2021-05-23 00:00:00+00:00,Italy,4714,4188190,125,4973.714285714285,155.71428571428572,833.4767971512281,43.14206874076949,5807.191082865514,4140.237488563057,198.85635445505523,112.57221697351623
2021-05-24 00:00:00+00:00,Italy,3993,4192183,72,4723.0,152.71428571428572,825.6694253518176,48.61314734959345,5548.669425351818,3897.3305746481824,201.32743306387917,104.10113836469228
2021-05-25 00:00:00+00:00,Italy,2489,4194672,110,4585.142857142857,148.42857142857142,1105.8739271806212,51.17570107919946,5691.016784323478,3479.2689299622357,199.60427250777087,97.25287034937196
2021-05-26 00:00:00+00:00,Italy,3220,4197892,166,4409.571428571428,143.42857142857142,1222.500559921466,46.697098920749376,5632.071988492895,3187.0708686499624,190.12567034932079,96.73147250782205
2021-05-27 00:00:00+00:00,Italy,3935,4201827,121,4186.0,139.42857142857142,1129.4054482900544,47.33517769708126,5315.405448290055,3056.5945517099453,186.76374912565268,92.09339373149015
2021-05-28 00:00:00+00:00,Italy,4143,4205970,171,3958.4285714285716,140.42857142857142,902.7889855007405,48.0099196098847,4861.217556929312,3055.639585927831,188.4384910384561,92.41865181868673
2021-05-29 00:00:00+00:00,Italy,3737,4209707,126,3747.285714285714,127.28571428571429,712.7595934504566,33.69329451438856,4460.045307736171,3034.5261208352576,160.97900880010286,93.59241977132572
2021-05-30 00:00:00+00:00,Italy,3348,4213055,83,3552.1428571428573,121.28571428571429,578.2855201520172,37.67277657982401,4130.428377294875,2973.85733699084,158.9584908655383,83.61293770589029
2021-05-31 00:00:00+00:00,Italy,2948,4216003,44,3402.8571428571427,117.28571428571429,580.389934570513,44.62329095028002,3983.2470774276558,2822.4672082866296,161.9090052359943,72.66242333543427
2021-06-01 00:00:00+00:00,Italy,1818,4217821,82,3307.0,113.28571428571429,778.1850679370883,46.596545958186105,4085.185067937088,2528.814932062912,159.8822602439004,66.6891683275282
2021-06-02 00:00:00+00:00,Italy,2483,4220304,93,3201.714285714286,102.85714285714286,839.3691508441214,40.61784735562429,4041.083436558407,2362.3451348701647,143.47499021276715,62.23929550151857
2021-06-03 00:00:00+00:00,Italy,2896,4223200,62,3053.285714285714,94.42857142857143,777.6866794466289,42.311768035394124,3830.9723937323433,2275.599034839085,136.74033946396554,52.11680339317731
2021-06-04 00:00:00+00:00,Italy,1963,4225163,59,2741.8571428571427,78.42857142857143,701.3214737079145,26.900168170744934,3443.1786165650574,2040.5356691492282,105.32873959931636,51.5284032578265
2021-06-05 00:00:00+00:00,Italy,2556,4227719,73,2573.1428571428573,70.85714285714286,547.1277816778959,16.866421981899837,3120.2706388207534,2026.0150754649615,87.7235648390427,53.99072087524303
2021-06-06 00:00:00+00:00,Italy,2434,4230153,57,2442.5714285714284,67.14285714285714,427.3382177396112,16.60751407661163,2869.9096463110395,2015.2332108318174,83.75037121946878,50.53534306624551
2021-06-07 00:00:00+00:00,Italy,2275,4232428,51,2346.4285714285716,68.14285714285714,365.974888493045,15.12645113054783,2712.4034599216166,1980.4536829355266,83.26930827340497,53.01640601230931
2021-06-08 00:00:00+00:00,Italy,1270,4233698,65,2268.1428571428573,65.71428571428571,522.8426877659507,13.840933081507202,2790.985544908808,1745.3001693769065,79.55521879579291,51.873352632778506
2021-06-09 00:00:00+00:00,Italy,1894,4235592,102,2184.0,67.0,529.8499787296537,16.881943015995812,2713.8499787296537,1654.1500212703463,83.88194301599582,50.118056984004184
2021-06-10 00:00:00+00:00,Italy,2198,4237790,77,2084.285714285714,69.14285714285714,429.74748948851396,17.092187020337196,2514.0332037742282,1654.5382247972002,86.23504416319433,52.050670122519946
2021-06-11 00:00:00+00:00,Italy,2078,4239868,88,2100.714285714286,73.28571428571429,426.52421352332016,17.72676211927645,2527.238499237606,1674.1900721909656,91.01247640499074,55.55895216643784
2021-06-12 00:00:00+00:00,Italy,1892,4241760,69,2005.857142857143,72.71428571428571,379.6552947304804,17.801819061547675,2385.5124375876235,1626.2018481266625,90.51610477583338,54.91246665273803
2021-06-13 00:00:00+00:00,Italy,1722,4243482,52,1904.142857142857,72.0,339.0370817725524,18.618986724899617,2243.1799389154094,1565.1057753703046,90.61898672489961,53.381013275100386
2021-06-14 00:00:00+00:00,Italy,1390,4244872,26,1777.7142857142858,68.42857142857143,342.6843611666978,24.717450939522635,2120.3986468809835,1435.029924547588,93.14602236809407,43.711120489048795
