Date_reported,Country,New_cases,Cumulative_cases,New_deaths,MA,MA_deaths,MSTD_cases,MSTD_deaths,OTG_cases,UTG_cases,OTG_deaths,UTG_deaths
2021-04-02 00:00:00+00:00,Poland,30541,2387511,500,28220.714285714286,408.57142857142856,6719.650008599047,232.40184820180573,34940.36429431333,21501.064277115238,640.9732767732343,176.16958036962282
2021-04-03 00:00:00+00:00,Poland,28073,2415584,572,27694.14285714286,426.2857142857143,6538.139246719478,240.49304514247572,34232.28210386234,21156.00361042338,666.77875942819,185.79266914323856
2021-04-04 00:00:00+00:00,Poland,22958,2438542,204,26793.0,436.7142857142857,6717.63219693537,226.74413942128885,33510.632196935374,20075.36780306463,663.4584251355745,209.97014629299687
2021-04-05 00:00:00+00:00,Poland,9921,2448463,64,25785.571428571428,439.0,8678.393589005012,222.20786064702895,34463.96501757644,17107.177839566415,661.207860647029,216.79213935297105
2021-04-06 00:00:00+00:00,Poland,8246,2456709,60,23983.285714285714,381.85714285714283,10897.587389176111,263.5023267268665,34880.873103461825,13085.698325109603,645.3594695840093,118.35481613027633
2021-04-07 00:00:00+00:00,Poland,14908,2471617,638,21414.285714285714,379.7142857142857,10562.193391434497,260.9787438890395,31976.47910572021,10852.092322851217,640.6930296033252,118.73554182524623
2021-04-08 00:00:00+00:00,Poland,27890,2499507,956,20362.428571428572,427.7142857142857,9237.961659317196,333.3915187312072,29600.39023074577,11124.466912111377,761.1058044454929,94.32276698307851
2021-04-09 00:00:00+00:00,Poland,28499,2528006,768,20070.714285714286,466.0,8888.610797235342,357.58635320716047,28959.32508294963,11182.103488478944,823.5863532071605,108.41364679283953
2021-04-10 00:00:00+00:00,Poland,24892,2552898,749,19616.285714285714,491.2857142857143,8483.386641237597,372.2869477010543,28099.67235552331,11132.899073048116,863.5726619867686,118.99876658465996
2021-04-11 00:00:00+00:00,Poland,21733,2574631,245,19441.285714285714,497.14285714285717,8415.324745450713,367.30297601635675,27856.610459736425,11025.960968835001,864.4458331592139,129.83988112650042
2021-04-12 00:00:00+00:00,Poland,12016,2586647,60,19740.571428571428,496.57142857142856,8049.618704366124,368.0914094546107,27790.19013293755,11690.952724205305,864.6628380260393,128.48001911681786
2021-04-13 00:00:00+00:00,Poland,13203,2599850,645,20448.714285714286,580.1428571428571,7022.375802015216,315.0383196646704,27471.090087729503,13426.33848369907,895.1811768075274,265.1045374781867
2021-04-14 00:00:00+00:00,Poland,21266,2621116,804,21357.0,603.8571428571429,6583.7695889184415,326.17041996039285,27940.76958891844,14773.230411081558,930.0275628175357,277.68672289675004
2021-04-15 00:00:00+00:00,Poland,21126,2642242,682,20390.714285714286,564.7142857142857,5928.932554689939,291.4616694556952,26319.646840404224,14461.781731024348,856.1759551699809,273.2526162585905
2021-04-16 00:00:00+00:00,Poland,17846,2660088,596,18868.85714285714,540.1428571428571,4751.006504888216,278.4261892443651,23619.86364774536,14117.850637968924,818.5690463872222,261.716667898492
2021-04-17 00:00:00+00:00,Poland,15786,2675874,617,17568.0,521.2857142857143,4016.8920406991892,266.12134718689435,21584.89204069919,13551.10795930081,787.4070614726087,255.16436709881998
2021-04-18 00:00:00+00:00,Poland,12151,2688025,207,16199.142857142857,515.8571428571429,3993.5949731400046,272.99537759909475,20192.737830282862,12205.547884002852,788.8525204562377,242.86176525804814
2021-04-19 00:00:00+00:00,Poland,7302,2695327,101,15525.714285714286,521.7142857142857,5069.167081950145,261.79490336629465,20594.88136766443,10456.547203764141,783.5091890805803,259.919382347991
2021-04-20 00:00:00+00:00,Poland,9244,2704571,601,14960.142857142857,515.4285714285714,5567.832685119825,258.85314829251837,20527.975542262684,9392.310172023032,774.2817197210898,256.5754231360531
2021-04-21 00:00:00+00:00,Poland,13922,2718493,739,13911.0,506.14285714285717,4823.787688801312,247.70172154657905,18734.787688801312,9087.212311198688,753.8445786894363,258.4411355962781
2021-04-22 00:00:00+00:00,Poland,12763,2731256,695,12716.285714285714,508.0,3625.9217087603,249.28364032428897,16342.207423046013,9090.364005525415,757.283640324289,258.71635967571103
2021-04-23 00:00:00+00:00,Poland,10866,2742122,539,11719.142857142857,499.85714285714283,2858.7112730775625,246.84909598876862,14577.85413022042,8860.431584065294,746.7062388459115,253.0080468683742
2021-04-24 00:00:00+00:00,Poland,9510,2751632,515,10822.57142857143,485.2857142857143,2300.2711330792154,241.73933226080706,13122.842561650645,8522.300295492214,727.0250465465214,243.54638202490722
2021-04-25 00:00:00+00:00,Poland,7224,2758856,193,10118.714285714286,483.2857142857143,2564.6498600637256,244.46793537919763,12683.364145778012,7554.06442565056,727.7536496649119,238.81777890651665
2021-04-26 00:00:00+00:00,Poland,3467,2762323,22,9570.857142857143,472.0,3504.163353710352,265.937962690542,13075.020496567495,6066.6937891467915,737.937962690542,206.062037309458
2021-04-27 00:00:00+00:00,Poland,5711,2768034,460,9066.142857142857,451.85714285714283,3800.953188717235,259.8078960638782,12867.096045860093,5265.189668425622,711.665038921021,192.04924679326462
2021-04-28 00:00:00+00:00,Poland,8893,2776927,636,8347.714285714286,437.14285714285717,3149.6328735358247,243.22241438062187,11497.347159250112,5198.0814121784615,680.365271523479,193.9204427622353
2021-04-29 00:00:00+00:00,Poland,8426,2785353,540,7728.142857142857,415.0,2494.8421077934377,221.96095752781102,10222.984964936295,5233.300749349419,636.960957527811,193.03904247218898
2021-04-30 00:00:00+00:00,Poland,6789,2792142,429,7145.714285714285,399.2857142857143,2081.9343340726205,215.51930639403858,9227.648619786905,5063.779951641665,614.8050206797528,183.7664078916757
2021-05-01 00:00:00+00:00,Poland,6475,2798617,422,6712.142857142857,386.0,1805.123488708038,209.99285702136643,8517.266345850894,4907.019368434819,595.9928570213665,176.00714297863357
2021-05-02 00:00:00+00:00,Poland,4616,2803233,144,6339.571428571428,379.0,1945.5494388498955,218.1566715306442,8285.120867421323,4394.021989721533,597.1566715306442,160.8433284693558
2021-05-03 00:00:00+00:00,Poland,2523,2805756,37,6204.714285714285,381.14285714285717,2194.6230286900554,214.10155578713628,8399.33731440434,4010.09125702423,595.2444129299935,167.0413013557209
2021-05-04 00:00:00+00:00,Poland,2296,2808052,28,5716.857142857143,319.42857142857144,2654.1314604753647,247.27438008741436,8370.988603332507,3062.7256823817784,566.7029515159858,72.15419134115709
2021-05-05 00:00:00+00:00,Poland,3899,2811951,349,5003.428571428572,278.42857142857144,2306.524864886993,206.46134193664852,7309.953436315564,2696.9037065415787,484.88991336521997,71.96722949192292
2021-05-06 00:00:00+00:00,Poland,6427,2818378,511,4717.857142857143,274.2857142857143,1900.0896845898378,200.54402200489733,6617.946827446981,2817.7674582673053,474.8297362906116,73.74169228081695
2021-05-07 00:00:00+00:00,Poland,6047,2824425,452,4611.857142857143,277.57142857142856,1782.3383917814265,203.6654586512279,6394.195534638569,2829.518751075717,481.2368872226565,73.90596992020065
2021-05-08 00:00:00+00:00,Poland,4771,2829196,441,4368.428571428572,280.2857142857143,1591.624103133353,206.02403928158662,5960.0526745619245,2776.8044682952186,486.3097535673009,74.26167500412765
2021-05-09 00:00:00+00:00,Poland,3856,2833052,126,4259.857142857143,277.7142857142857,1597.8308659401969,208.11031872999655,5857.68800879734,2662.0262769169462,485.8246044442823,69.60396698428917
2021-05-10 00:00:00+00:00,Poland,2031,2835083,22,4189.571428571428,275.57142857142856,1694.8417681330359,211.05833091260584,5884.413196704464,2494.729660438393,486.62975948403437,64.51309765882272
2021-05-11 00:00:00+00:00,Poland,3097,2838180,302,4304.0,314.7142857142857,1567.9803357485303,180.7186711306668,5871.980335748531,2736.0196642514697,495.4329568449525,133.99561458361893
2021-05-12 00:00:00+00:00,Poland,4159,2842339,343,4341.142857142857,313.85714285714283,1559.8459783424873,180.54309602919056,5900.988835485345,2781.2968788003695,494.4002388863334,133.31404682795227
2021-05-13 00:00:00+00:00,Poland,3423,2845762,342,3912.0,289.7142857142857,1278.1339261962817,159.90696700029704,5190.133926196282,2633.8660738037183,449.62125271458274,129.80731871398868
2021-05-14 00:00:00+00:00,Poland,3252,2849014,290,3512.714285714286,266.57142857142856,872.0788791095711,143.37347167781198,4384.793164823857,2640.6354066047147,409.9449002492405,123.19795689361658
2021-05-15 00:00:00+00:00,Poland,2897,2851911,298,3245.0,246.14285714285714,690.0789809582167,123.1373603899543,3935.0789809582166,2554.9210190417834,369.28021753281143,123.00549675290284
2021-05-16 00:00:00+00:00,Poland,2168,2854079,55,3003.8571428571427,236.0,734.4854045411979,136.84419364126958,3738.3425473983407,2269.3717383159446,372.8441936412696,99.15580635873042
2021-05-17 00:00:00+00:00,Poland,1111,2855190,11,2872.4285714285716,234.42857142857142,979.1455215345362,139.74364284031552,3851.574092963108,1893.2830498940352,374.17221426888693,94.6849285882559
2021-05-18 00:00:00+00:00,Poland,1734,2856924,245,2677.714285714286,226.28571428571428,1059.2880807671486,136.7792799680104,3737.0023664814344,1618.4262049471372,363.06499425372465,89.50643431770388
2021-05-19 00:00:00+00:00,Poland,2337,2859261,330,2417.4285714285716,224.42857142857142,834.6841432587713,135.00723084690065,3252.1127146873428,1582.7444281698004,359.43580227547204,89.42134058167076
2021-05-20 00:00:00+00:00,Poland,2090,2861351,250,2227.0,211.28571428571428,709.7393887617737,125.81959874585264,2936.7393887617736,1517.2606112382264,337.10531303156694,85.46611553986163
2021-05-21 00:00:00+00:00,Poland,1680,2863031,191,2002.4285714285713,197.14285714285714,565.3815399127697,120.96752811039326,2567.810111341341,1437.0470315158018,318.1103852532504,76.17532903246388
2021-05-22 00:00:00+00:00,Poland,1515,2864546,191,1805.0,181.85714285714286,424.73913557983525,112.5676516165817,2229.7391355798354,1380.2608644201648,294.42479447372455,69.28949124056116
2021-05-23 00:00:00+00:00,Poland,1076,2865622,46,1649.0,180.57142857142858,467.57174133286236,114.29618999605789,2116.5717413328625,1181.4282586671377,294.8676185674865,66.2752385753707
2021-05-24 00:00:00+00:00,Poland,559,2866181,17,1570.142857142857,181.42857142857142,600.9529733266634,112.82561343779597,2171.0958304695205,969.1898838161937,294.2541848663674,68.60295799077545
2021-05-25 00:00:00+00:00,Poland,1006,2867187,151,1466.142857142857,168.0,630.1537982774129,109.54451150101455,2096.29665542027,835.9890588654442,277.54451150101454,58.455488498985446
2021-05-26 00:00:00+00:00,Poland,1263,2868450,209,1312.7142857142858,150.71428571428572,500.10922612447297,86.93429374284538,1812.8235118387588,812.6050595898128,237.64857945713112,63.77999197144034
2021-05-27 00:00:00+00:00,Poland,1202,2869652,135,1185.857142857143,134.28571428571428,364.2551433862553,75.1059569002396,1550.112286243398,821.6019994708876,209.3916711859539,59.17975738547467
2021-05-28 00:00:00+00:00,Poland,943,2870595,117,1080.5714285714287,123.71428571428571,298.1324409393306,70.8818601282019,1378.7038695107592,782.4389876320981,194.5961458424876,52.832425586083815
2021-05-29 00:00:00+00:00,Poland,776,2871371,125,975.0,114.28571428571429,244.71616203154645,64.54640265137921,1219.7161620315464,730.2838379684536,178.8321169370935,49.73931163433508
2021-05-30 00:00:00+00:00,Poland,579,2871950,56,904.0,115.71428571428571,280.0726095606088,62.87213024783429,1184.0726095606087,623.9273904393913,178.58641596212,52.842155466451416
2021-05-31 00:00:00+00:00,Poland,333,2872283,7,871.7142857142857,114.28571428571429,334.2562460966857,65.54569471165877,1205.9705318109714,537.4580396176,179.83140899737305,48.74001957405552
2021-06-01 00:00:00+00:00,Poland,585,2872868,111,811.5714285714286,108.57142857142857,343.80607761790037,63.5238987648081,1155.3775061893289,467.7653509535282,172.09532733623666,45.04752980662047
2021-06-02 00:00:00+00:00,Poland,659,2873527,128,725.2857142857143,97.0,281.83607183596035,47.54997371183152,1007.1217861216746,443.449642449754,144.5499737118315,49.45002628816848
2021-06-03 00:00:00+00:00,Poland,565,2874092,91,634.2857142857143,90.71428571428571,190.20052064743658,44.499866238382786,824.4862349331509,444.08519363827776,135.2141519526685,46.21441947590292
2021-06-04 00:00:00+00:00,Poland,319,2874411,26,545.1428571428571,77.71428571428571,166.09879434569282,48.640567039258706,711.2416514885499,379.0440627971643,126.3548527535444,29.073718675027003
2021-06-05 00:00:00+00:00,Poland,413,2874824,38,493.2857142857143,65.28571428571429,135.93836123221877,45.56209786544748,629.224075517933,357.3473530534955,110.84781215116178,19.723616420266815
2021-06-06 00:00:00+00:00,Poland,312,2875136,13,455.14285714285717,59.142857142857146,145.03382185910232,49.73070336460872,600.1766790019594,310.10903528375485,108.87356050746587,9.412153778248424
2021-06-07 00:00:00+00:00,Poland,192,2875328,8,435.0,59.285714285714285,172.09202952463298,49.557085889917,607.092029524633,262.90797047536705,108.84280017563128,9.728628395797287
2021-06-08 00:00:00+00:00,Poland,401,2875729,95,408.7142857142857,57.0,158.90952789077303,47.08148963937434,567.6238136050588,249.8047578235127,104.08148963937434,9.91851036062566
2021-06-09 00:00:00+00:00,Poland,560,2876289,108,394.57142857142856,54.142857142857146,135.6206191557064,42.432018458612546,530.192047727135,258.9508094157221,96.5748756014697,11.7108386842446
2021-06-10 00:00:00+00:00,Poland,378,2876667,84,367.85714285714283,53.142857142857146,112.98293152665703,41.49067594619344,480.84007438379984,254.87421133048582,94.63353308905059,11.652181196663705
2021-06-11 00:00:00+00:00,Poland,340,2877007,68,370.85714285714283,59.142857142857146,111.74141048133603,39.91836908582361,482.59855333847884,259.11573237580683,99.06122622868077,19.224488057033533
2021-06-12 00:00:00+00:00,Poland,236,2877243,47,345.57142857142856,60.42857142857143,120.31328136781687,39.26345689843033,465.88470993924545,225.25814720361168,99.69202832700176,21.165114530141103
2021-06-13 00:00:00+00:00,Poland,226,2877469,11,333.2857142857143,60.142857142857146,128.42989548558808,39.6712682404454,461.71560977130235,204.8558188001262,99.81412538330255,20.471588902411746
2021-06-14 00:00:00+00:00,Poland,139,2877608,1,325.7142857142857,59.142857142857146,139.25362253014993,41.26107354967922,464.96790824443565,186.4606631841358,100.40393069253636,17.88178359317793
