Date_reported,Country,New_cases,Cumulative_cases,New_deaths,MA,MA_deaths,MSTD_cases,MSTD_deaths,OTG_cases,UTG_cases,OTG_deaths,UTG_deaths
2021-04-02 00:00:00+00:00,Russian Federation,8792,4563056,400,8742.42857142857,373.7142857142857,355.9652871789809,43.41932859031839,9098.393858607551,8386.46328424959,417.1336143046041,330.2949571239673
2021-04-03 00:00:00+00:00,Russian Federation,9021,4572077,384,8761.857142857143,373.2857142857143,368.5333220835617,43.28092068376134,9130.390464940705,8393.323820773581,416.5666349694756,330.00479360195294
2021-04-04 00:00:00+00:00,Russian Federation,8817,4580894,357,8723.142857142857,376.2857142857143,341.8286259018252,40.929672552245535,9064.971483044683,8381.314231241031,417.21538683795984,335.3560417334687
2021-04-05 00:00:00+00:00,Russian Federation,8646,4589540,343,8713.857142857143,383.42857142857144,343.0939756868266,25.382783816627832,9056.95111854397,8370.763167170317,408.81135524519925,358.04578761194364
2021-04-06 00:00:00+00:00,Russian Federation,8328,4597868,389,8721.142857142857,380.57142857142856,332.65368801893027,23.04240397502677,9053.796545161787,8388.489169123926,403.61383254645534,357.52902459640177
2021-04-07 00:00:00+00:00,Russian Federation,8294,4606162,374,8723.857142857143,375.7142857142857,328.45772353926606,19.62748316096698,9052.31486639641,8395.399419317877,395.3417688752527,356.08680255331876
2021-04-08 00:00:00+00:00,Russian Federation,8672,4614834,365,8652.857142857143,373.14285714285717,263.4884111668553,19.692880028209945,8916.345554024,8389.368731690287,392.83573717106714,353.4499771146472
2021-04-09 00:00:00+00:00,Russian Federation,9150,4623984,402,8704.0,373.42857142857144,323.016511387234,20.156530313564897,9027.016511387234,8380.983488612766,393.5851017421363,353.2720411150066
2021-04-10 00:00:00+00:00,Russian Federation,8704,4632688,402,8658.714285714286,376.0,291.8885142036222,22.715633383111886,8950.602799917908,8366.825771510665,398.7156333831119,353.2843666168881
2021-04-11 00:00:00+00:00,Russian Federation,8702,4641390,337,8642.285714285714,373.14285714285717,284.6411273703397,26.45391320401332,8926.926841656054,8357.644586915374,399.59677034687047,346.68894393884386
2021-04-12 00:00:00+00:00,Russian Federation,8320,4649710,277,8595.714285714286,363.7142857142857,309.51451994584227,44.556010764363094,8905.228805660128,8286.199765768444,408.2702964786488,319.15827494992266
2021-04-13 00:00:00+00:00,Russian Federation,8173,4657883,338,8573.57142857143,356.42857142857144,336.2488448699021,43.89706574417388,8909.820273441332,8237.322583701527,400.3256371727453,312.5315056843976
2021-04-14 00:00:00+00:00,Russian Federation,8326,4666209,399,8578.142857142857,360.0,332.0052351282068,46.50448007087716,8910.148092271063,8246.13762201465,406.50448007087715,313.49551992912285
2021-04-15 00:00:00+00:00,Russian Federation,8944,4675153,398,8617.0,364.7142857142857,359.5918982616394,48.71589160873524,8976.591898261639,8257.408101738361,413.430177323021,315.99839410555046
2021-04-16 00:00:00+00:00,Russian Federation,8995,4684148,397,8594.857142857143,364.0,324.3457149697056,48.110982807074436,8919.20285782685,8270.511427887437,412.11098280707444,315.88901719292556
2021-04-17 00:00:00+00:00,Russian Federation,9321,4693469,398,8683.0,363.42857142857144,426.6513017622665,47.605521888554684,9109.651301762267,8256.348698237733,411.0340933171261,315.82304954001677
2021-04-18 00:00:00+00:00,Russian Federation,8632,4702101,389,8673.0,370.85714285714283,426.9519878886841,46.84523658251859,9099.951987888684,8246.048012111316,417.7023794396614,324.01190627462427
2021-04-19 00:00:00+00:00,Russian Federation,8589,4710690,346,8711.42857142857,380.7142857142857,401.2143471301437,26.756396653897752,9112.642918558715,8310.214224298426,407.4706823681835,353.95788906038797
2021-04-20 00:00:00+00:00,Russian Federation,8164,4718854,379,8710.142857142857,386.57142857142856,403.23666684209667,19.294706898050176,9113.379523984953,8306.90619030076,405.8661354694787,367.2767216733784
2021-04-21 00:00:00+00:00,Russian Federation,8271,4727125,399,8702.285714285714,386.57142857142856,412.4009837411675,19.294706898050176,9114.68669802688,8289.884730544547,405.8661354694787,367.2767216733784
2021-04-22 00:00:00+00:00,Russian Federation,8996,4736121,397,8709.714285714286,386.42857142857144,417.91215750524157,19.199454357220635,9127.626443219528,8291.802128209045,405.6280257857921,367.2291170713508
2021-04-23 00:00:00+00:00,Russian Federation,8840,4744961,398,8687.57142857143,386.57142857142856,404.157088695791,19.294706898050176,9091.72851726722,8283.414339875639,405.8661354694787,367.2767216733784
2021-04-24 00:00:00+00:00,Russian Federation,8828,4753789,399,8617.142857142857,386.7142857142857,306.54658615924143,19.396857870130564,8923.689443302099,8310.596270983615,406.1111435844163,367.31742784415513
2021-04-25 00:00:00+00:00,Russian Federation,8780,4762569,332,8638.285714285714,378.57142857142856,312.78251985043744,28.23034503771304,8951.068234136152,8325.503194435276,406.8017736091416,350.3410835337155
2021-04-26 00:00:00+00:00,Russian Federation,8803,4771372,356,8668.857142857143,380.0,317.5838096512061,26.507860469351638,8986.440952508348,8351.273333205938,406.5078604693516,353.4921395306484
2021-04-27 00:00:00+00:00,Russian Federation,8053,4779425,392,8653.0,381.85714285714283,348.28053820939243,26.878917211676136,9001.280538209392,8304.719461790608,408.736060068819,354.9782256454667
2021-04-28 00:00:00+00:00,Russian Federation,7848,4787273,387,8592.57142857143,380.14285714285717,448.0207796628238,25.97067943801508,9040.592208234253,8144.550648908606,406.1135365808722,354.1721777048421
2021-04-29 00:00:00+00:00,Russian Federation,9284,4796557,364,8633.714285714286,375.42857142857144,501.29921675979836,25.3893490978992,9135.013502474085,8132.415068954488,400.81792052647063,350.03922233067226
2021-04-30 00:00:00+00:00,Russian Federation,8731,4805288,397,8618.142857142857,375.2857142857143,495.4827371556136,25.24357532589317,9113.62559429847,8122.660119987243,400.52928961160745,350.0421389598211
2021-05-01 00:00:00+00:00,Russian Federation,9270,4814558,392,8681.285714285714,374.2857142857143,551.6622499839376,24.26736001094286,9232.947964269651,8129.623464301776,398.55307429665714,350.0183542747714
2021-05-02 00:00:00+00:00,Russian Federation,8697,4823255,342,8669.42857142857,375.7142857142857,550.0766180055131,21.499723143195183,9219.505189434083,8119.351953423057,397.2140088574809,354.21456257109054
2021-05-03 00:00:00+00:00,Russian Federation,8489,4831744,336,8624.57142857143,372.85714285714283,550.1717480414922,25.510968695944698,9174.743176612921,8074.3996805299375,398.36811155308754,347.3461741611981
2021-05-04 00:00:00+00:00,Russian Federation,7770,4839514,337,8584.142857142857,365.0,606.6699894939077,27.05549851686241,9190.812846636765,7977.472867648949,392.05549851686243,337.94450148313757
2021-05-05 00:00:00+00:00,Russian Federation,7975,4847489,360,8602.285714285714,361.14285714285717,582.3995519034227,25.261489606489956,9184.685266189137,8019.886162382291,386.4043467493471,335.88136753636724
2021-05-06 00:00:00+00:00,Russian Federation,7639,4855128,351,8367.285714285714,359.2857142857143,593.2601211867716,25.49322972674715,8960.545835472485,7774.025593098942,384.7789440124614,333.79248455896715
2021-05-07 00:00:00+00:00,Russian Federation,8386,4863514,376,8318.0,356.2857142857143,571.9562920031135,21.187372699339203,8889.956292003113,7746.043707996887,377.4730869850535,335.09834158637506
2021-05-08 00:00:00+00:00,Russian Federation,8329,4871843,370,8183.571428571428,353.14285714285717,393.72657899805773,16.0044636629535,8577.298007569487,7789.844849573371,369.1473208058107,337.13839347990364
2021-05-09 00:00:00+00:00,Russian Federation,8419,4880262,334,8143.857142857143,352.0,344.21428812929065,17.175564037199525,8488.071430986434,7799.642854727853,369.17556403719954,334.82443596280046
2021-05-10 00:00:00+00:00,Russian Federation,8465,4888727,321,8140.428571428572,349.85714285714283,340.30077726842734,20.1777812739359,8480.729348697,7800.127794160144,370.03492413107875,329.6793615832069
2021-05-11 00:00:00+00:00,Russian Federation,8115,4896842,329,8189.714285714285,348.7142857142857,300.34797273130033,21.226667863029498,8490.062258445585,7889.366312982985,369.9409535773152,327.48761785125623
2021-05-12 00:00:00+00:00,Russian Federation,8217,4905059,355,8224.285714285714,348.0,285.05245959966084,20.864643139274484,8509.338173885375,7939.2332546860525,368.8646431392745,327.1353568607255
2021-05-13 00:00:00+00:00,Russian Federation,8380,4913439,392,8330.142857142857,353.85714285714283,123.00193556375996,26.767072878298322,8453.144792706616,8207.140921579097,380.62421573544117,327.0900699788445
2021-05-14 00:00:00+00:00,Russian Federation,9462,4922901,393,8483.857142857143,356.2857142857143,447.839416330409,29.719321917467084,8931.696559187552,8036.017726526734,386.00503620318136,326.5663923682472
2021-05-15 00:00:00+00:00,Russian Federation,8790,4931691,364,8549.714285714286,355.42857142857144,455.1086735318834,29.341990064552963,9004.82295924617,8094.605612182403,384.77056149312443,326.08658136401846
2021-05-16 00:00:00+00:00,Russian Federation,8554,4940245,391,8569.0,363.57142857142856,451.4923402399944,30.297728973444976,9020.492340239995,8117.5076597600055,393.86915754487353,333.2736995979836
2021-05-17 00:00:00+00:00,Russian Federation,9328,4949573,340,8692.285714285714,366.2857142857143,529.4559201583035,26.45571321852255,9221.741634444017,8162.82979412741,392.7414275042368,339.83000106719174
2021-05-18 00:00:00+00:00,Russian Federation,8183,4957756,364,8702.0,371.2857142857143,517.589605732291,20.973906691427576,9219.589605732292,8184.410394267709,392.2596209771419,350.3118075942867
2021-05-19 00:00:00+00:00,Russian Federation,7920,4965676,390,8659.57142857143,376.2857142857143,573.1625298956454,20.613218135475886,9232.733958467075,8086.408898675784,396.8989324211902,355.6724961502384
2021-05-20 00:00:00+00:00,Russian Federation,9232,4974908,396,8781.285714285714,376.85714285714283,593.9844875000628,21.169384902231037,9375.270201785777,8187.301226785651,398.0265277593739,355.6877579549118
2021-05-21 00:00:00+00:00,Russian Federation,8937,4983845,378,8706.285714285714,374.7142857142857,522.5586774618537,19.989282842747965,9228.844391747567,8183.7270368238605,394.7035685570337,354.72500287153775
2021-05-22 00:00:00+00:00,Russian Federation,8709,4992554,386,8694.714285714286,377.85714285714283,521.2912538981226,19.752034253180295,9216.005539612408,8173.4230318161635,397.6091771103231,358.10510860396255
2021-05-23 00:00:00+00:00,Russian Federation,8951,5001505,357,8751.42857142857,373.0,525.0132877776343,20.157711510220658,9276.441859206205,8226.415283650937,393.1577115102207,352.8422884897793
2021-05-24 00:00:00+00:00,Russian Federation,8406,5009911,319,8619.714285714286,370.0,468.9135365117748,26.46381176870183,9088.62782222606,8150.800749202512,396.4638117687018,343.5361882312982
2021-05-25 00:00:00+00:00,Russian Federation,7884,5017795,393,8577.0,374.14285714285717,525.5257684408925,27.612971416929035,9102.525768440893,8051.4742315591075,401.7558285597862,346.5298857259281
2021-05-26 00:00:00+00:00,Russian Federation,8373,5026168,406,8641.714285714286,376.42857142857144,454.1870811945103,29.725730396661366,9095.901366908796,8187.527204519776,406.15430182523284,346.70284103191005
2021-05-27 00:00:00+00:00,Russian Federation,9039,5035207,402,8614.142857142857,377.2857142857143,416.6919039520872,30.46152921146133,9030.834761094944,8197.45095319077,407.7472434971756,346.82418507425297
2021-05-28 00:00:00+00:00,Russian Federation,9252,5044459,404,8659.142857142857,381.0,470.8578796401671,32.103997674162294,9130.000736783024,8188.28497750269,413.1039976741623,348.8960023258377
2021-05-29 00:00:00+00:00,Russian Federation,9289,5053748,401,8742.0,383.14285714285717,528.5861644949276,32.981957549628184,9270.586164494927,8213.413835505073,416.12481469248536,350.160899593229
2021-05-30 00:00:00+00:00,Russian Federation,9694,5063442,355,8848.142857142857,382.85714285714283,640.3357006180264,33.25371443621713,9488.478557760884,8207.80715652483,416.11085729335997,349.6034284209257
2021-05-31 00:00:00+00:00,Russian Federation,8475,5071917,339,8858.0,385.7142857142857,632.8828221944722,27.15212874221923,9490.882822194471,8225.117177805529,412.86641445650497,358.5621569720665
2021-06-01 00:00:00+00:00,Russian Federation,9500,5081417,372,9088.857142857143,382.7142857142857,498.9433596639448,27.372213926426316,9587.800502521088,8589.913783193198,410.086499640712,355.3420717878594
2021-06-02 00:00:00+00:00,Russian Federation,8832,5090249,394,9154.42857142857,381.0,411.7227453152358,26.0128173534244,9566.151316743806,8742.705826113335,407.0128173534244,354.9871826465756
2021-06-03 00:00:00+00:00,Russian Federation,8933,5099182,393,9139.285714285714,379.7142857142857,418.5680805526472,25.004761451252556,9557.85379483836,8720.717633733067,404.71904716553826,354.7095242630332
2021-06-04 00:00:00+00:00,Russian Federation,8947,5108129,377,9095.714285714286,375.85714285714283,420.74842609035346,22.601095632855348,9516.46271180464,8674.965859623933,398.45823848999817,353.2560472242875
2021-06-05 00:00:00+00:00,Russian Federation,9145,5117274,399,9075.142857142857,375.57142857142856,413.17527695407017,22.240032545277376,9488.318134096928,8661.967580188786,397.8114611167059,353.3313960261512
2021-06-06 00:00:00+00:00,Russian Federation,9163,5126437,351,8999.285714285714,375.0,318.52195851694415,22.898325994039006,9317.807672802657,8680.76375576877,397.898325994039,352.101674005961
2021-06-07 00:00:00+00:00,Russian Federation,9429,5135866,330,9135.57142857143,373.7142857142857,254.46011935712121,25.37527855809096,9390.031547928551,8881.111309214308,399.08956427237666,348.3390071561948
2021-06-08 00:00:00+00:00,Russian Federation,9977,5145843,379,9203.714285714286,374.7142857142857,393.9520758386156,25.434322517038094,9597.666361552901,8809.762209875671,400.1486082313238,349.27996319724764
2021-06-09 00:00:00+00:00,Russian Federation,10407,5156250,399,9428.714285714286,375.42857142857144,560.7345522238197,26.126979305212398,9989.448837938105,8867.979733490467,401.55555073378383,349.30159212335906
2021-06-10 00:00:00+00:00,Russian Federation,11699,5167949,383,9823.857142857143,374.0,974.8537374839284,25.2652594154361,10798.710880341072,8849.003405373214,399.2652594154361,348.7347405845639
2021-06-11 00:00:00+00:00,Russian Federation,12505,5180454,396,10332.142857142857,376.7142857142857,1311.0559902180364,26.625265480379934,11643.198847360893,9021.086866924821,403.33955119466566,350.0890202339058
2021-06-12 00:00:00+00:00,Russian Federation,13510,5193964,399,10955.714285714286,376.7142857142857,1647.2596146504304,26.625265480379934,12602.973900364717,9308.454671063855,403.33955119466566,350.0890202339058
2021-06-13 00:00:00+00:00,Russian Federation,14723,5208687,357,11750.0,377.57142857142856,1951.2036456069993,25.741387833894994,13701.203645607,9798.796354393,403.31281640532353,351.8300407375336
2021-06-14 00:00:00+00:00,Russian Federation,13721,5222408,371,12363.142857142857,383.42857142857144,1765.850354971822,15.893994073705892,14128.99321211468,10597.292502171034,399.3225655022773,367.5345773548656
