Date_reported,Country,New_cases,Cumulative_cases,New_deaths,MA,MA_deaths,MSTD_cases,MSTD_deaths,OTG_cases,UTG_cases,OTG_deaths,UTG_deaths
2021-04-02 00:00:00+00:00,Sweden,8293,813125,23,5652.571428571428,20.285714285714285,2474.253413121273,2.9277002180990133,8126.824841692702,3178.3180154501556,23.213414503813297,17.358014067615272
2021-04-03 00:00:00+00:00,Sweden,6978,820103,25,5739.571428571428,20.714285714285715,2514.03022104793,3.401680256440521,8253.601649619359,3225.5412075234985,24.115965970726236,17.312605457845194
2021-04-04 00:00:00+00:00,Sweden,6842,826945,22,5817.714285714285,20.714285714285715,2542.511600377985,3.401680256440521,8360.22588609227,3275.2026853363004,24.115965970726236,17.312605457845194
2021-04-05 00:00:00+00:00,Sweden,3405,830350,18,5561.714285714285,20.571428571428573,2700.7203800819243,3.505098326915079,8262.434665796209,2860.993905632361,24.07652689834365,17.066330244513495
2021-04-06 00:00:00+00:00,Sweden,1449,831799,14,5485.428571428572,20.142857142857142,2823.4089830691437,4.140393355526199,8308.837554497715,2662.019588359428,24.283250498383342,16.002463787330942
2021-04-07 00:00:00+00:00,Sweden,3105,834904,23,5505.714285714285,20.142857142857142,2802.6993960685763,4.140393355526199,8308.413681782862,2703.014889645709,24.283250498383342,16.002463787330942
2021-04-08 00:00:00+00:00,Sweden,6813,841717,12,5269.285714285715,19.571428571428573,2571.423517183249,4.995235825064618,7840.7092314689635,2697.862197102466,24.56666439649319,14.576192746363954
2021-04-09 00:00:00+00:00,Sweden,7832,849549,22,5203.428571428572,19.428571428571427,2485.5452022327195,4.894116973265853,7688.9737736612915,2717.883369195852,24.32268840183728,14.534454455305575
2021-04-10 00:00:00+00:00,Sweden,7757,857306,22,5314.714285714285,19.0,2593.34216242087,4.434711564723729,7908.056448135156,2721.3721232934154,23.434711564723727,14.56528843527627
2021-04-11 00:00:00+00:00,Sweden,7630,864936,24,5427.285714285715,19.285714285714285,2686.1304705324965,4.7157284944876885,8113.416184818211,2741.155243753218,24.001442780201973,14.569985791226596
2021-04-12 00:00:00+00:00,Sweden,5628,870564,11,5744.857142857143,18.285714285714285,2534.313413165749,5.677860092827452,8279.170556022891,3210.543729691394,23.963574378541736,12.607854192886833
2021-04-13 00:00:00+00:00,Sweden,2390,872954,16,5879.285714285715,18.571428571428573,2280.739917524569,5.4728768438553805,8160.025631810284,3598.5457967611455,24.044305415283954,13.098551727573192
2021-04-14 00:00:00+00:00,Sweden,3473,876427,17,5931.857142857143,17.714285714285715,2209.2551858379566,5.12231346500019,8141.1123286951,3722.6019570191866,22.836599179285905,12.591972249285526
2021-04-15 00:00:00+00:00,Sweden,8872,885299,20,6226.0,18.857142857142858,2468.036939207936,4.488079448771466,8694.036939207936,3757.963060792064,23.345222305914323,14.369063408371392
2021-04-16 00:00:00+00:00,Sweden,7095,892394,28,6120.714285714285,19.714285714285715,2402.9692544967656,5.618845839410144,8523.683540211052,3717.7450312175197,25.33313155369586,14.09543987487557
2021-04-17 00:00:00+00:00,Sweden,7666,900060,25,6107.714285714285,20.142857142857142,2392.866531601112,5.928141119987403,8500.580817315396,3714.8477541131733,26.070998262844547,14.21471602286974
2021-04-18 00:00:00+00:00,Sweden,6441,906501,14,5937.857142857143,18.714285714285715,2307.474335607059,6.047431567786123,8245.331478464203,3630.382807250084,24.76171728207184,12.666854146499592
2021-04-19 00:00:00+00:00,Sweden,4984,911485,19,5845.857142857143,19.857142857142858,2334.566728428468,5.014265363788132,8180.423871285611,3511.290414428675,24.871408220930988,14.842877493354726
2021-04-20 00:00:00+00:00,Sweden,2514,913999,16,5863.571428571428,19.857142857142858,2304.2474445414246,5.014265363788132,8167.818873112853,3559.323984030004,24.871408220930988,14.842877493354726
2021-04-21 00:00:00+00:00,Sweden,2714,916713,15,5755.142857142857,19.571428571428573,2448.809535839506,5.255382727706484,8203.952392982363,3306.3333213033507,24.82681129913506,14.316045843722089
2021-04-22 00:00:00+00:00,Sweden,7537,924250,25,5564.428571428572,20.285714285714285,2205.509076307682,5.648430038549679,7769.937647736253,3358.9194951208897,25.934144324263965,14.637284247164605
2021-04-23 00:00:00+00:00,Sweden,7706,931956,24,5651.714285714285,19.714285714285715,2286.772449995091,4.889249625493672,7938.486735709376,3364.9418357191944,24.603535339779388,14.825036088792043
2021-04-24 00:00:00+00:00,Sweden,6250,938206,16,5449.428571428572,18.428571428571427,2136.5911991633275,4.429339410642969,7586.019770591899,3312.837372265244,22.857910839214398,13.999232017928458
2021-04-25 00:00:00+00:00,Sweden,5504,943710,17,5315.571428571428,18.857142857142858,2093.0230017072113,4.059087393961616,7408.594430278639,3222.548426864217,22.916230251104473,14.798055463181242
2021-04-26 00:00:00+00:00,Sweden,4568,948278,13,5256.142857142857,18.0,2109.8448938610704,4.618802153043631,7365.987751003928,3146.2979632817865,22.61880215304363,13.381197846956368
2021-04-27 00:00:00+00:00,Sweden,1756,950034,20,5147.857142857143,18.571428571428573,2286.126449437619,4.577377081693011,7433.983592294762,2861.730693419524,23.148805653121585,13.994051489735561
2021-04-28 00:00:00+00:00,Sweden,3071,953105,10,5198.857142857143,17.857142857142858,2225.9721792552295,5.520524474342773,7424.829322112373,2972.8849636019136,23.377667331485632,12.336618382800085
2021-04-29 00:00:00+00:00,Sweden,7268,960373,22,5160.428571428572,17.428571428571427,2180.742064606007,4.961758520391178,7341.170636034578,2979.6865068225648,22.390329948962606,12.466812908180248
2021-04-30 00:00:00+00:00,Sweden,7147,967520,20,5080.571428571428,16.857142857142858,2079.892133182721,4.259443289736776,7160.46356175415,3000.6792953887075,21.116586146879634,12.597699567406082
2021-05-01 00:00:00+00:00,Sweden,5931,973451,19,5035.0,17.285714285714285,2053.323971830651,4.309458036349272,7088.32397183065,2981.676028169349,21.595172322063558,12.976256249365012
2021-05-02 00:00:00+00:00,Sweden,5423,978874,16,5023.428571428572,17.142857142857142,2050.4666832232806,4.336994789615325,7073.895254651852,2972.961888205291,21.479851932472467,12.805862353241817
2021-05-03 00:00:00+00:00,Sweden,4754,983628,12,5050.0,17.0,2044.7785536078,4.509249752337957,7094.7785536078,3005.2214463922,21.509249752337958,12.490750247662042
2021-05-04 00:00:00+00:00,Sweden,1719,985347,12,5044.714285714285,15.857142857142858,2054.7362129292837,4.634241089090685,7099.4504986435695,2989.9780727850016,20.491383946233544,11.222901768052171
2021-05-05 00:00:00+00:00,Sweden,3069,988416,17,5044.428571428572,16.857142857142858,2055.0565164187956,3.8483144109012613,7099.485087847367,2989.372055009776,20.705457268044118,13.008828446241596
2021-05-06 00:00:00+00:00,Sweden,7036,995452,12,5011.285714285715,15.428571428571429,2014.6935841602053,3.457221564783874,7025.97929844592,2996.5921301255094,18.885792993355302,11.971349863787555
2021-05-07 00:00:00+00:00,Sweden,6483,1001935,15,4916.428571428572,14.714285714285714,1910.306420187253,2.8115408409602036,6826.734991615825,3006.1221512413185,17.525826555245917,11.90274487332551
2021-05-08 00:00:00+00:00,Sweden,5718,1007653,10,4886.0,13.428571428571429,1893.070873817021,2.572750981862062,6779.0708738170215,2992.929126182979,16.00132241043349,10.855820446709366
2021-05-09 00:00:00+00:00,Sweden,5245,1012898,13,4860.571428571428,13.0,1885.8371135940174,2.3094010758111456,6746.408542165445,2974.734314977411,15.309401075811145,10.690598924188855
2021-05-10 00:00:00+00:00,Sweden,4479,1017377,19,4821.285714285715,14.0,1891.2837539767052,3.1622776594766164,6712.56946826242,2930.0019603090095,17.162277659476615,10.837722340523383
2021-05-11 00:00:00+00:00,Sweden,1657,1019034,15,4812.428571428572,14.428571428571429,1908.3021997773997,3.0472470003823835,6720.730771205971,2904.126371651172,17.47581842895381,11.381324428189046
2021-05-12 00:00:00+00:00,Sweden,2461,1021495,20,4725.571428571428,14.857142857142858,2011.9048898184096,3.62530786809652,6737.476318389838,2713.666538753019,18.482450725239378,11.231834989046337
2021-05-13 00:00:00+00:00,Sweden,6313,1027808,10,4622.285714285715,14.571428571428571,1888.285881795834,3.95209407968394,6510.571596081549,2733.9998324898806,18.52352265111251,10.619334491744631
2021-05-14 00:00:00+00:00,Sweden,5268,1033076,11,4448.714285714285,14.0,1738.6556793653538,4.163331998406834,6187.369965079639,2710.058606348932,18.163331998406832,9.836668001593166
2021-05-15 00:00:00+00:00,Sweden,3918,1036994,19,4191.571428571428,15.285714285714286,1650.5178840821475,4.111540088627075,5842.089312653576,2541.053544489281,19.39725437434136,11.174174197087211
2021-05-16 00:00:00+00:00,Sweden,2582,1039576,24,3811.1428571428573,16.857142857142858,1673.976446315094,5.0803074518330416,5485.119303457952,2137.1664108277632,21.937450308975897,11.776835405309816
2021-05-17 00:00:00+00:00,Sweden,3969,1043545,12,3738.285714285714,15.857142857142858,1651.0053214296768,5.273473599549899,5389.2910357153905,2087.2803928560375,21.130616456692756,10.583669257592959
2021-05-18 00:00:00+00:00,Sweden,1408,1044953,13,3702.714285714286,15.571428571428571,1705.1165858641737,5.3807416726699255,5407.83087157846,1997.5976998501121,20.952170244098497,10.190686898758646
2021-05-19 00:00:00+00:00,Sweden,2109,1047062,9,3652.4285714285716,14.0,1752.3748511685858,5.477225574652271,5404.803422597157,1900.0537202599858,19.477225574652273,8.522774425347729
2021-05-20 00:00:00+00:00,Sweden,4646,1051708,9,3414.285714285714,13.857142857142858,1410.4647832265475,5.610364557835373,4824.750497512262,2003.8209310591667,19.46750741497823,8.246778299307485
2021-05-21 00:00:00+00:00,Sweden,3409,1055117,7,3148.714285714286,13.285714285714286,1155.1723845623808,6.129553700478779,4303.886670276666,1993.541901151905,19.415267986193065,7.156160585235508
2021-05-22 00:00:00+00:00,Sweden,3165,1058282,12,3041.1428571428573,12.285714285714286,1105.5920628713218,5.589105047654694,4146.734920014179,1935.5507942715356,17.874819333368983,6.696609238059592
2021-05-23 00:00:00+00:00,Sweden,2322,1060604,12,3004.0,10.571428571428571,1127.7337155967152,2.225394560073322,4131.733715596715,1876.2662844032848,12.796823131501894,8.346034011355249
2021-05-24 00:00:00+00:00,Sweden,1909,1062513,9,2709.714285714286,10.142857142857142,1102.442094347223,2.1930626541771563,3812.1563800615086,1607.2721913670628,12.335919797034299,7.949794488679986
2021-05-25 00:00:00+00:00,Sweden,620,1063133,11,2597.1428571428573,9.857142857142858,1282.9660203933242,1.8644544702976955,3880.1088775361814,1314.176836749533,11.721597327440554,7.992688386845162
2021-05-26 00:00:00+00:00,Sweden,1195,1064328,4,2466.5714285714284,9.142857142857142,1383.4973626071621,2.911389783559161,3850.068791178591,1083.0740659642663,12.054246926416303,6.231467359297982
2021-05-27 00:00:00+00:00,Sweden,2740,1067068,7,2194.285714285714,8.857142857142858,1023.9032692211775,3.0237157833498776,3218.188983506892,1170.3824450645366,11.880858640492736,5.83342707379298
2021-05-28 00:00:00+00:00,Sweden,1419,1068487,9,1910.0,9.142857142857142,899.0806415221024,2.9113897835591613,2809.0806415221023,1010.9193584778976,12.054246926416305,6.231467359297981
2021-05-29 00:00:00+00:00,Sweden,90,1068577,7,1470.7142857142858,8.428571428571429,934.2240477466785,2.699206231716292,2404.9383334609643,536.4902379676073,11.127777660287721,5.729365196855136
2021-05-30 00:00:00+00:00,Sweden,297,1068874,8,1181.4285714285713,7.857142857142857,940.1916217845088,2.193062654176864,2121.6201932130803,241.23694964406252,10.05020551131972,5.664080202965993
2021-05-31 00:00:00+00:00,Sweden,285,1069159,2,949.4285714285714,6.857142857142857,931.0583327627888,3.023715783349693,1880.4869041913603,18.370238665782608,9.88085864049255,3.833427073793164
2021-06-01 00:00:00+00:00,Sweden,1949,1071108,8,1139.2857142857142,6.428571428571429,986.5358101566242,2.5071326812386596,2125.821524442338,152.74990412909005,8.93570410981009,3.921438747332769
2021-06-02 00:00:00+00:00,Sweden,1904,1073012,5,1240.5714285714287,6.571428571428571,1028.7038538895158,2.370453039962691,2269.2752824609443,211.86757468191286,8.941881611391262,4.200975531465881
2021-06-03 00:00:00+00:00,Sweden,2793,1075805,1,1248.142857142857,5.714285714285714,1041.6922815703954,3.1471831691819543,2289.8351387132525,206.45057557246173,8.86146888346767,2.56710254510376
2021-06-04 00:00:00+00:00,Sweden,1366,1077171,4,1240.5714285714287,5.0,1040.4353026532415,2.8284271239718843,2281.00673122467,200.1361259181872,7.828427123971885,2.1715728760281157
2021-06-05 00:00:00+00:00,Sweden,1081,1078252,5,1382.142857142857,4.714285714285714,918.0037088614567,2.6903708357241283,2300.146566004314,464.13914828140037,7.404656550009843,2.023914878561586
2021-06-06 00:00:00+00:00,Sweden,989,1079241,7,1481.0,4.571428571428571,812.9167648820435,2.5071326812384527,2293.9167648820435,668.0832351179565,7.078561252667024,2.0642958901901185
2021-06-07 00:00:00+00:00,Sweden,757,1079998,1,1548.4285714285713,4.428571428571429,710.274091934891,2.6992062317158787,2258.7026633634623,838.1544794936804,7.1277776602873075,1.7293651968555501
2021-06-08 00:00:00+00:00,Sweden,223,1080221,1,1301.857142857143,3.4285714285714284,836.4266113354024,2.4397501814734928,2138.2837541925455,465.4305315217405,5.868321610044921,0.9888212470979356
2021-06-09 00:00:00+00:00,Sweden,491,1080712,2,1100.0,3.0,837.3913859676367,2.38047614192737,1937.3913859676368,262.60861403236333,5.38047614192737,0.6195238580726299
2021-06-10 00:00:00+00:00,Sweden,1183,1081895,0,870.0,2.857142857142857,403.66776763328465,2.5448360402605794,1273.6677676332847,466.33223236671535,5.401978897403437,0.3123068168822778
2021-06-11 00:00:00+00:00,Sweden,825,1082720,1,792.7142857142857,2.4285714285714284,339.57901101399983,2.5727509818608656,1132.2932967282854,453.13527470028583,5.001322410432294,-0.1441795532894372
2021-06-12 00:00:00+00:00,Sweden,736,1083456,0,743.4285714285714,1.7142857142857142,314.9041425687196,2.429971584274173,1058.332713997291,428.52442885985187,4.144257298559888,-0.715685869988459
