Date_reported,Country,New_cases,Cumulative_cases,New_deaths,MA,MA_deaths,MSTD_cases,MSTD_deaths,OTG_cases,UTG_cases,OTG_deaths,UTG_deaths
2021-04-02 00:00:00+00:00,Spain,8957,3306560,74,6611.571428571428,73.14285714285714,2219.485515236052,9.136530548947283,8831.05694380748,4392.085913335377,82.27938769180442,64.00632659390986
2021-04-03 00:00:00+00:00,Spain,5635,3312195,68,6380.142857142857,73.85714285714286,2225.6636784306397,8.375133260940625,8605.806535573496,4154.479178712218,82.23227611808349,65.48200959620223
2021-04-04 00:00:00+00:00,Spain,3793,3315988,64,5842.571428571428,71.28571428571429,2345.536886445333,8.220184217344773,8188.1083150167615,3497.0345421260954,79.50589850305906,63.06553006836952
2021-04-05 00:00:00+00:00,Spain,4518,3320506,74,5901.857142857143,72.85714285714286,2299.0228669629514,7.380798769228625,8200.880009820095,3602.8342758941917,80.23794162637148,65.47634408791424
2021-04-06 00:00:00+00:00,Spain,4218,3324724,54,6086.285714285715,71.14285714285714,2059.957096168927,10.123052428583284,8146.242810454642,4026.3286181167878,81.26590957144042,61.01980471427385
2021-04-07 00:00:00+00:00,Spain,7663,3332387,71,6132.857142857143,69.28571428571429,2096.3102051347205,8.420496535265393,8229.167347991865,4036.5469377224226,77.70621082097969,60.8652177504489
2021-04-08 00:00:00+00:00,Spain,10823,3343210,76,6515.285714285715,68.71428571428571,2686.0141917080205,7.674943771808118,9201.299905993736,3829.271522577694,76.38922948609383,61.03934194247759
2021-04-09 00:00:00+00:00,Spain,10515,3353725,91,6737.857142857143,71.14285714285714,2971.447819299354,11.4080172308124,9709.304962156497,3766.4093235577893,82.55087437366954,59.73483991204474
2021-04-10 00:00:00+00:00,Spain,10316,3364041,77,7406.571428571428,72.42857142857143,3199.8326444273557,11.501552690022786,10606.404072998785,4206.738784144072,83.93012411859422,60.92701873854865
2021-04-11 00:00:00+00:00,Spain,10465,3374506,77,8359.714285714286,74.28571428571429,2926.040881132325,10.950103282637055,11285.755166846611,5433.673404581961,85.23581756835135,63.33561100307723
2021-04-12 00:00:00+00:00,Spain,5650,3380156,87,8521.42857142857,76.14285714285714,2700.9570437797443,11.950293879448386,11222.385615208315,5820.471527648826,88.09315102230552,64.19256326340876
2021-04-13 00:00:00+00:00,Spain,3929,3384085,52,8480.142857142857,75.85714285714286,2778.7882508063813,12.575486357931242,11258.931107949238,5701.354606336476,88.4326292150741,63.28165649921162
2021-04-14 00:00:00+00:00,Spain,8974,3393059,90,8667.42857142857,78.57142857142857,2758.6417465261425,13.377308434361519,11426.070317954713,5908.786824902429,91.9487370057901,65.19412013706705
2021-04-15 00:00:00+00:00,Spain,10148,3403207,74,8571.0,78.28571428571429,2681.4529643390133,13.462469878657258,11252.452964339012,5889.547035660987,91.74818416437155,64.82324440705703
2021-04-16 00:00:00+00:00,Spain,10423,3413630,84,8557.857142857143,77.28571428571429,2670.5398598073048,12.592514783278471,11228.397002664447,5887.317283049839,89.87822906899277,64.69319950243582
2021-04-17 00:00:00+00:00,Spain,9678,3423308,68,8466.714285714286,76.0,2610.7535128242853,13.076696830455985,11077.467798538572,5855.960772890001,89.07669683045599,62.92330316954401
2021-04-18 00:00:00+00:00,Spain,9935,3433243,79,8391.0,76.28571428571429,2550.123918550314,13.123951205096466,10941.123918550315,5840.876081449685,89.40966549081075,63.161763080617824
2021-04-19 00:00:00+00:00,Spain,5339,3438582,74,8346.57142857143,74.42857142857143,2607.8917958784277,12.245504519946811,10954.463224449857,5738.679632693002,86.67407594851824,62.18306690862462
2021-04-20 00:00:00+00:00,Spain,3931,3442513,56,8346.857142857143,75.0,2607.3272028687798,11.060440015161713,10954.184345725924,5739.529939988363,86.06044001516172,63.93955998483828
2021-04-21 00:00:00+00:00,Spain,8688,3451201,76,8306.0,73.0,2598.08634703103,8.962886439590177,10904.08634703103,5707.9136529689695,81.96288643959018,64.03711356040982
2021-04-22 00:00:00+00:00,Spain,10743,3461944,80,8391.0,73.85714285714286,2676.9306428499553,9.352870707533972,11067.930642849955,5714.069357150045,83.21001356467683,64.5042721496089
2021-04-23 00:00:00+00:00,Spain,9680,3471624,62,8284.857142857143,70.71428571428571,2596.4520297551253,9.068522218848573,10881.30917261227,5688.405113102018,79.78280793313428,61.64576349543714
2021-04-24 00:00:00+00:00,Spain,9825,3481449,69,8305.857142857143,70.85714285714286,2610.1559613976174,9.026416258507336,10916.01310425476,5695.701181459526,79.8835591156502,61.83072659863552
2021-04-25 00:00:00+00:00,Spain,9900,3491349,75,8300.857142857143,70.28571428571429,2606.546081724405,8.538428538110319,10907.403224581549,5694.311061132737,78.82414282382462,61.747285747603975
2021-04-26 00:00:00+00:00,Spain,5024,3496373,67,8255.857142857143,69.28571428571429,2668.1927359455935,8.440266301115715,10924.049878802736,5587.66440691155,77.72598058683,60.84544798459858
2021-04-27 00:00:00+00:00,Spain,3883,3500256,54,8249.0,69.0,2681.189909964545,8.981462389963053,10930.189909964545,5567.810090035455,77.98146238996306,60.018537610036944
2021-04-28 00:00:00+00:00,Spain,9000,3509256,62,8293.57142857143,67.0,2692.274432335974,8.71779788683204,10985.845860907404,5601.2969962354555,75.71779788683205,58.28220211316796
2021-04-29 00:00:00+00:00,Spain,9768,3519024,62,8154.285714285715,64.42857142857143,2566.725716691252,6.6547512561602336,10721.011430976967,5587.559997594462,71.08332268473167,57.7738201724112
2021-04-30 00:00:00+00:00,Spain,9358,3528382,62,8108.285714285715,64.42857142857143,2537.5446606363803,6.6547512561602336,10645.830374922094,5570.741053649334,71.08332268473167,57.7738201724112
2021-05-01 00:00:00+00:00,Spain,8548,3536930,56,7925.857142857143,62.57142857142857,2437.4876702907377,6.97273602072376,10363.34481314788,5488.369472566405,69.54416459215233,55.59869255070481
2021-05-02 00:00:00+00:00,Spain,9035,3545965,58,7802.285714285715,60.142857142857146,2340.731560443746,4.41318371154434,10143.01727472946,5461.554153841969,64.55604085440149,55.729673431312804
2021-05-03 00:00:00+00:00,Spain,3924,3549889,52,7645.142857142857,58.0,2582.7477892390607,4.1633319984096975,10227.890646381918,5062.395067903796,62.163331998409696,53.836668001590304
2021-05-04 00:00:00+00:00,Spain,3083,3552972,43,7530.857142857143,56.42857142857143,2786.620320295873,7.02037849986468,10317.477463153016,4744.23682256127,63.44894992843611,49.408192928706754
2021-05-05 00:00:00+00:00,Spain,6095,3559067,69,7115.857142857143,57.42857142857143,2747.4001909961553,8.323804075142732,9863.257333853298,4368.456951860988,65.75237550371416,49.1047673534287
2021-05-06 00:00:00+00:00,Spain,7464,3566531,67,6786.714285714285,58.142857142857146,2503.938345498349,8.970852271208088,9290.652631212633,4282.775940215936,67.11370941406523,49.17200487164906
2021-05-07 00:00:00+00:00,Spain,7985,3574516,62,6590.571428571428,58.142857142857146,2315.646695635867,8.970852271208088,8906.218124207295,4274.924732935561,67.11370941406523,49.17200487164906
2021-05-08 00:00:00+00:00,Spain,6899,3581415,55,6355.0,58.0,2162.1155534865075,9.018499505404549,8517.115553486507,4192.884446513493,67.01849950540455,48.98150049459545
2021-05-09 00:00:00+00:00,Spain,7530,3588945,65,6140.0,59.0,1911.5051660828735,9.398581453016332,8051.505166082874,4228.494833917126,68.39858145301633,49.601418546983666
2021-05-10 00:00:00+00:00,Spain,3450,3592395,46,6072.285714285715,58.142857142857146,2008.9988978070787,10.367072415674508,8081.284612092793,4063.286816478636,68.50992955853165,47.77578472718264
2021-05-11 00:00:00+00:00,Spain,2427,3594822,44,5978.571428571428,58.285714285714285,2179.7271126624396,10.12775535679439,8158.298541233868,3798.844315908989,68.41346964250867,48.157958928919896
2021-05-12 00:00:00+00:00,Spain,6109,3600931,52,5980.571428571428,55.857142857142854,2179.858164883456,9.118270512465884,8160.4295934548845,3800.7132636879724,64.97541336960873,46.73887234467697
2021-05-13 00:00:00+00:00,Spain,5911,3606842,45,5758.714285714285,52.714285714285715,2080.4817322092977,8.400680244306095,7839.196017923583,3678.2325535049877,61.11496595859181,44.31360546997962
2021-05-14 00:00:00+00:00,Spain,5852,3612694,51,5454.0,51.142857142857146,1842.6802941986186,7.335497515858702,7296.680294198619,3611.319705801381,58.478354658715844,43.80735962699845
2021-05-15 00:00:00+00:00,Spain,5763,3618457,49,5291.714285714285,50.285714285714285,1741.4516659164221,7.1580790184057195,7033.165951630707,3550.2626197978634,57.44379330412001,43.12763526730856
2021-05-16 00:00:00+00:00,Spain,5911,3624368,39,5060.428571428572,46.57142857142857,1482.962334543724,4.503966505354742,6543.3909059722955,3577.4662368848476,51.07539507678331,42.06746206607383
2021-05-17 00:00:00+00:00,Spain,2850,3627218,34,4974.714285714285,44.857142857142854,1603.9612125577173,6.568322246852648,6578.675498272003,3370.753073156568,51.4254651039955,38.28882061029021
2021-05-18 00:00:00+00:00,Spain,2202,3629420,33,4942.571428571428,43.285714285714285,1664.6327780250288,7.973169292512863,6607.204206596457,3277.9386505464,51.25888357822715,35.31254499320142
2021-05-19 00:00:00+00:00,Spain,5189,3634609,35,4811.142857142857,40.857142857142854,1591.9207924657546,7.448234050553914,6403.063649608612,3219.222064677102,48.30537690769677,33.40890880658894
2021-05-20 00:00:00+00:00,Spain,5999,3640608,32,4823.714285714285,39.0,1602.3671774563916,7.852812659315518,6426.081463170677,3221.3471082578935,46.85281265931552,31.147187340684482
2021-05-21 00:00:00+00:00,Spain,5369,3645977,44,4754.714285714285,38.0,1560.561940901269,6.377042156227727,6315.276226615554,3194.1523448130165,44.37704215622773,31.622957843772273
2021-05-22 00:00:00+00:00,Spain,5494,3651471,26,4716.285714285715,34.714285714285715,1534.6925548969693,5.648430038550469,6250.978269182684,3181.5931593887453,40.36271575283618,29.065855675735246
2021-05-23 00:00:00+00:00,Spain,5638,3657109,38,4677.285714285715,34.57142857142857,1502.4011574996111,5.533448076442473,6179.686871785326,3174.8845567861035,40.104876647871045,29.037980494986098
2021-05-24 00:00:00+00:00,Spain,2683,3659792,30,4653.428571428572,34.0,1537.1767255833695,5.802298394800433,6190.605297011941,3116.2518458452023,39.80229839480043,28.19770160519957
2021-05-25 00:00:00+00:00,Spain,2006,3661798,30,4625.428571428572,33.57142857142857,1590.1447373353153,5.996030432545998,6215.573308763887,3035.2838340932562,39.56745900397457,27.57539813888257
2021-05-26 00:00:00+00:00,Spain,4588,3666386,30,4539.571428571428,32.857142857142854,1570.7508668389028,6.09449400184245,6110.322295410331,2968.8205617325257,38.9516368589853,26.762648855300405
2021-05-27 00:00:00+00:00,Spain,5335,3671721,22,4444.714285714285,31.428571428571427,1485.672655081219,7.367883975833905,5930.386940795504,2959.0416306330662,38.796455404405336,24.060687452737522
2021-05-28 00:00:00+00:00,Spain,5291,3677012,29,4433.571428571428,29.285714285714285,1477.8568781657407,4.85504156182656,5911.428306737169,2955.714550405688,34.140755847540845,24.430672723887724
2021-05-29 00:00:00+00:00,Spain,4948,3681960,12,4355.571428571428,27.285714285714285,1426.061342418957,8.179533110171732,5781.632770990385,2929.5100861524716,35.46524739588602,19.106181175542552
2021-05-30 00:00:00+00:00,Spain,5074,3687034,15,4275.0,24.0,1355.7273570402865,7.767453464872866,5630.727357040287,2919.2726429597133,31.767453464872865,16.232546535127135
2021-05-31 00:00:00+00:00,Spain,2890,3689924,17,4304.571428571428,22.142857142857142,1316.9168357727597,7.646972634436568,5621.488264344188,2987.654592798669,29.78982977729371,14.495884508420573
2021-06-01 00:00:00+00:00,Spain,1921,3691845,25,4292.428571428572,21.428571428571427,1341.8003896537914,6.996597812366513,5634.228961082363,2950.6281817747804,28.42516924093794,14.431973616204914
2021-06-02 00:00:00+00:00,Spain,4860,3696705,31,4331.285714285715,21.571428571428573,1355.653312880067,7.207800007492712,5686.939027165781,2975.6324014056477,28.779228578921284,14.363628563935862
2021-06-03 00:00:00+00:00,Spain,5080,3701785,22,4294.857142857143,21.571428571428573,1327.3166450215479,7.207800007492712,5622.173787878691,2967.5404978355955,28.779228578921284,14.363628563935862
2021-06-04 00:00:00+00:00,Spain,5079,3706864,30,4264.571428571428,21.714285714285715,1302.994993214372,7.387247699045946,5567.5664217858,2961.5764353570567,29.101533413331662,14.327038015239768
2021-06-05 00:00:00+00:00,Spain,4414,3711278,24,4188.285714285715,23.428571428571427,1271.5668437231197,6.023762468868288,5459.852558008834,2916.718870562595,29.452333897439715,17.40480895970314
2021-06-06 00:00:00+00:00,Spain,4412,3715690,24,4093.714285714286,24.714285714285715,1218.2121755764083,4.750939756202038,5311.926461290694,2875.5021101378775,29.465225470487752,19.96334595808368
2021-06-07 00:00:00+00:00,Spain,2372,3718062,23,4019.714285714286,25.571428571428573,1315.3760823642453,3.5050983269156952,5335.090368078531,2704.33820335004,29.07652689834427,22.066330244512876
2021-06-08 00:00:00+00:00,Spain,1654,3719716,19,3981.5714285714284,24.714285714285715,1388.230511241418,4.309458036349939,5369.801939812846,2593.3409173300106,29.023743750635653,20.404827677935778
2021-06-09 00:00:00+00:00,Spain,3998,3723714,12,3858.4285714285716,22.0,1334.5153748364585,5.507570546889484,5192.94394626503,2523.9131965921133,27.507570546889482,16.492429453110518
2021-06-10 00:00:00+00:00,Spain,3732,3727446,13,3665.8571428571427,20.714285714285715,1221.320928128369,6.4733887493640045,4887.178070985512,2444.5362147287738,27.18767446364972,14.24089696492171
2021-06-11 00:00:00+00:00,Spain,2012,3729458,2,3227.714285714286,16.714285714285715,1179.281944541788,8.199883854892327,4406.996230256074,2048.4323411724977,24.914169569178043,8.514401859393388
