Date_reported,Country,New_cases,Cumulative_cases,New_deaths,MA,MA_deaths,MSTD_cases,MSTD_deaths,OTG_cases,UTG_cases,OTG_deaths,UTG_deaths
2021-04-02 00:00:00+00:00,United States of America,69552,30190910,915,63362.57142857143,857.4285714285714,8004.9321433124815,267.9968016866745,71367.5035718839,55357.63928525895,1125.425373115246,589.4317697418969
2021-04-03 00:00:00+00:00,United States of America,74707,30265617,815,64349.857142857145,797.1428571428571,9006.398381679204,209.4512103660676,73356.25552453635,55343.45876117794,1006.5940675089247,587.6916467767895
2021-04-04 00:00:00+00:00,United States of America,64869,30330486,780,63418.57142857143,741.4285714285714,8478.937371650454,130.86998273459693,71897.50880022188,54939.63405692097,872.2985541631683,610.5585886939746
2021-04-05 00:00:00+00:00,United States of America,67736,30398222,722,64076.42857142857,733.8571428571429,8630.202138557988,130.13509464070097,72706.63070998657,55446.226432870586,863.9922374978439,603.7220482164419
2021-04-06 00:00:00+00:00,United States of America,41253,30439475,400,63217.42857142857,717.2857142857143,10646.09122099299,165.17033055376345,73863.51979242156,52571.337350435584,882.4560448394777,552.1153837319509
2021-04-07 00:00:00+00:00,United States of America,63035,30502510,335,63387.57142857143,675.7142857142857,10629.988113149706,219.62066864309378,74017.55954172113,52757.583315421725,895.3349543573795,456.0936170711919
2021-04-08 00:00:00+00:00,United States of America,61226,30563736,708,63196.857142857145,667.8571428571429,10659.224884711217,216.94502266045282,73856.08202756837,52537.632258145924,884.8021655175958,450.91212019669007
2021-04-09 00:00:00+00:00,United States of America,76069,30639805,772,64127.857142857145,647.4285714285714,11553.869083969825,195.4634297789588,75681.72622682697,52573.98805888732,842.8920012075303,451.96514164961263
2021-04-10 00:00:00+00:00,United States of America,76573,30716378,948,64394.42857142857,666.4285714285714,11856.202594101152,219.4583158163616,76250.63116552972,52538.22597732742,885.8868872449331,446.9702556122098
2021-04-11 00:00:00+00:00,United States of America,80567,30796945,930,66637.0,687.8571428571429,13351.280849915629,238.8614860621339,79988.28084991562,53285.71915008437,926.7186289192769,448.995656795009
2021-04-12 00:00:00+00:00,United States of America,68114,30865059,792,66691.0,697.8571428571429,13357.22974023146,241.97412297697792,80048.22974023146,53333.77025976854,939.8312658341208,455.88301988016497
2021-04-13 00:00:00+00:00,United States of America,53594,30918653,341,68454.0,689.4285714285714,9773.909998903073,254.76777474323652,78227.90999890308,58680.09000109693,944.1963461718079,434.66079668533496
2021-04-14 00:00:00+00:00,United States of America,57801,30976454,559,67706.28571428571,721.4285714285714,10435.38221172337,213.5664277165782,78141.66792600908,57270.90350256234,934.9949991451497,507.8621437119932
2021-04-15 00:00:00+00:00,United States of America,77231,31053685,746,69992.71428571429,726.8571428571429,10531.816885265003,213.65113976717018,80524.53117097929,59460.897400449285,940.5082826243131,513.2060030899727
2021-04-16 00:00:00+00:00,United States of America,74225,31127910,834,69729.28571428571,735.7142857142857,10376.417440752515,217.09192698464423,80105.70315503822,59352.8682735332,952.8062126989299,518.6223587296414
2021-04-17 00:00:00+00:00,United States of America,72382,31200292,907,69130.57142857143,729.8571428571429,10030.88139791507,210.87391854805298,79161.45282648651,59099.69003065636,940.7310614051959,518.9832243090899
2021-04-18 00:00:00+00:00,United States of America,75086,31275378,910,68347.57142857143,727.0,9166.016016734773,207.8236431849563,77513.58744530621,59181.55541183666,934.8236431849563,519.1763568150437
2021-04-19 00:00:00+00:00,United States of America,70121,31345499,709,68634.28571428571,715.1428571428571,9188.853350922123,205.85547403573602,77823.13906520783,59445.43236336359,920.9983311785932,509.28738310712106
2021-04-20 00:00:00+00:00,United States of America,53170,31398669,370,68573.71428571429,719.2857142857143,9305.181454692474,197.17987920146962,77878.89574040676,59268.53283102182,916.4655934871839,522.1058350842447
2021-04-21 00:00:00+00:00,United States of America,44409,31443078,443,66660.57142857143,702.7142857142857,12660.829657610831,216.7946142363924,79321.40108618226,53999.7417709606,919.508899950678,485.9196714778933
2021-04-22 00:00:00+00:00,United States of America,59744,31502822,783,64162.42857142857,708.0,11931.74771854641,218.4704404109049,76094.17628997499,52230.680852882164,926.4704404109049,489.52955958909513
2021-04-23 00:00:00+00:00,United States of America,63523,31566345,860,62633.57142857143,711.7142857142857,11082.954763315773,221.1739242358967,73716.5261918872,51550.61666525566,932.8882099501824,490.54036147838895
2021-04-24 00:00:00+00:00,United States of America,65060,31631405,825,61587.57142857143,700.0,10329.474024316867,211.04659833000886,71917.0454528883,51258.09740425456,911.0465983300089,488.95340166999114
2021-04-25 00:00:00+00:00,United States of America,61884,31693289,838,59701.57142857143,689.7142857142857,8496.759438301746,200.60218866014287,68198.33086687318,51204.81199026968,890.3164743744285,489.1120970541428
2021-04-26 00:00:00+00:00,United States of America,56630,31749919,766,57774.28571428572,697.8571428571429,7165.177055599089,202.661810718771,64939.462769884805,50609.10865868663,900.5189535759139,495.1953321383719
2021-04-27 00:00:00+00:00,United States of America,40961,31790880,307,56030.142857142855,688.8571428571429,9558.8655433675,220.28120556191575,65589.00840051036,46471.277313775354,909.1383484190586,468.57593729522716
2021-04-28 00:00:00+00:00,United States of America,28756,31819636,446,53794.0,689.2857142857143,13675.141839605203,219.72536971237426,67469.1418396052,40118.8581603948,909.0110839980886,469.5603445733401
2021-04-29 00:00:00+00:00,United States of America,51594,31871230,618,52629.71428571428,665.7142857142857,13428.859454104151,216.82766911821844,66058.57373981843,39200.85483161013,882.5419548325041,448.88661659606726
2021-04-30 00:00:00+00:00,United States of America,54600,31925830,846,51355.0,663.7142857142857,12621.73835095574,214.7919258924156,63976.73835095574,38733.26164904426,878.5062116067013,448.92235982187003
2021-05-01 00:00:00+00:00,United States of America,59748,31985578,858,50596.142857142855,668.4285714285714,11792.89368544367,219.23796595089826,62389.036542586524,38803.249171699186,887.6665373794697,449.1906054776732
2021-05-02 00:00:00+00:00,United States of America,53619,32039197,810,49415.42857142857,664.4285714285714,10850.47918845219,215.85786769914264,60265.90775988076,38564.94938297638,880.2864391277141,448.5707037294288
2021-05-03 00:00:00+00:00,United States of America,50396,32089593,765,48524.857142857145,664.2857142857143,10406.384649635855,215.77975985227687,58931.241792493,38118.47249322129,880.0654741379913,448.50595443343747
2021-05-04 00:00:00+00:00,United States of America,37543,32127136,419,48036.57142857143,680.2857142857143,10889.424071962383,187.12091837963914,58925.99550053381,37147.14735660904,867.4066326653535,493.1647959060752
2021-05-05 00:00:00+00:00,United States of America,32382,32159518,435,48554.57142857143,678.7142857142857,9856.67492712598,189.4480705327265,58411.24635569741,38697.896501445444,868.1623562470122,489.2662151815592
2021-05-06 00:00:00+00:00,United States of America,44514,32204032,798,47543.142857142855,704.4285714285714,9856.059226494966,192.03199138239214,57399.20208363782,37687.08363064789,896.4605628109636,512.3965800461793
2021-05-07 00:00:00+00:00,United States of America,44855,32248887,715,46151.0,685.7142857142857,9369.381587560572,182.0601679717621,55520.38158756057,36781.61841243943,867.7744536860478,503.65411774252357
2021-05-08 00:00:00+00:00,United States of America,44787,32293674,764,44013.71428571428,672.2857142857143,7207.843221432275,170.32294255885276,51221.55750714656,36805.87106428201,842.6086568445671,501.96277172686155
2021-05-09 00:00:00+00:00,United States of America,45192,32338866,790,42809.857142857145,669.4285714285714,5925.931190637931,167.77649531729372,48735.788333495075,36883.925952219215,837.2050667458652,501.6520761112777
2021-05-10 00:00:00+00:00,United States of America,38091,32376957,645,41052.0,652.2857142857143,5062.732793000034,162.42917870641236,46114.73279300003,35989.26720699997,814.7148929921267,489.856535579302
2021-05-11 00:00:00+00:00,United States of America,27426,32404383,278,39606.71428571428,632.1428571428571,7217.114144269358,200.46897396807097,46823.82842998364,32389.600141444924,832.611831110928,431.67388317478617
2021-05-12 00:00:00+00:00,United States of America,22334,32426717,402,38171.28571428572,627.4285714285714,9524.06946835643,206.18426802487622,47695.355182642146,28647.21624592929,833.6128394534477,421.2443034036952
2021-05-13 00:00:00+00:00,United States of America,34676,32461393,666,36765.857142857145,608.5714285714286,9150.662879968897,193.63871612090915,45916.520022826044,27615.194262888246,802.2101446923377,414.9327124505194
2021-05-14 00:00:00+00:00,United States of America,35093,32496486,745,35371.28571428572,612.8571428571429,8427.714196115798,196.69471147901046,43798.999910401515,26943.57151816992,809.5518543361534,416.1624313781324
2021-05-15 00:00:00+00:00,United States of America,37587,32534073,727,34342.71428571428,607.5714285714286,7472.239729251966,192.40656359461175,41814.95401496625,26870.474556462315,799.9779921660403,415.16486497681683
2021-05-16 00:00:00+00:00,United States of America,40431,32574504,680,33662.57142857143,591.8571428571429,6469.521642725763,179.05253286064183,40132.09307129719,27193.049785845666,770.9096757177847,412.8046099965011
2021-05-17 00:00:00+00:00,United States of America,30732,32605236,502,32611.285714285714,571.4285714285714,6223.1974556019895,180.13315180986018,38834.4831698877,26388.088258683725,751.5617232384316,391.29541961871126
2021-05-18 00:00:00+00:00,United States of America,17984,32623220,302,31262.428571428572,574.8571428571429,8233.098947886905,173.73200489204996,39495.52751931548,23029.329623541667,748.5891477491929,401.1251379650929
2021-05-19 00:00:00+00:00,United States of America,23942,32647162,515,31492.14285714286,591.0,7960.380715948162,159.6746692497019,39452.52357309102,23531.762141194697,750.6746692497019,431.3253307502981
2021-05-20 00:00:00+00:00,United States of America,29792,32676954,734,30794.428571428572,600.7142857142857,7848.0557009807435,166.90288022851226,38642.48427240932,22946.372870447827,767.6171659427979,433.81140548577343
2021-05-21 00:00:00+00:00,United States of America,29296,32706250,629,29966.285714285714,584.1428571428571,7621.446684941806,155.56287964617792,37587.73239922752,22344.839029343908,739.705736789035,428.5799774966792
2021-05-22 00:00:00+00:00,United States of America,28743,32734993,607,28702.85714285714,567.0,6840.639308049994,143.32713164878598,35543.496450907136,21862.217834807147,710.327131648786,423.672868351214
2021-05-23 00:00:00+00:00,United States of America,27921,32762914,743,26915.714285714286,576.0,4499.460808964746,153.24055163914153,31415.175094679034,22416.253476749538,729.2405516391416,422.75944836085847
2021-05-24 00:00:00+00:00,United States of America,21034,32783948,457,25530.285714285714,569.5714285714286,4619.98422487307,157.74014194539743,30150.269939158785,20910.301489412643,727.311570516826,411.8312866260311
2021-05-25 00:00:00+00:00,United States of America,13925,32797873,547,24950.428571428572,604.5714285714286,5823.059243418496,107.7278316605666,30773.487814847067,19127.369328010078,712.2992602319952,496.84359691086195
2021-05-26 00:00:00+00:00,United States of America,22239,32820112,482,24707.14285714286,599.8571428571429,5907.180868189528,112.89881689878122,30614.323725332386,18799.96198895333,712.7559597559241,486.9583259583617
2021-05-27 00:00:00+00:00,United States of America,24435,32844547,588,23941.85714285714,579.0,5469.420579565158,96.24448036122241,29411.2777224223,18472.436563291983,675.2444803612224,482.75551963877757
2021-05-28 00:00:00+00:00,United States of America,24462,32869009,1120,23251.285714285714,649.1428571428571,4962.406160799631,227.78603159649128,28213.691875085344,18288.879553486084,876.9288887393484,421.3568255463658
2021-05-29 00:00:00+00:00,United States of America,22401,32891410,659,22345.285714285714,656.5714285714286,4331.494303902744,227.0292618018374,26676.78001818846,18013.791410382968,883.6006903732659,429.5421667695912
2021-05-30 00:00:00+00:00,United States of America,25091,32916501,743,21941.0,656.5714285714286,3827.037278798476,227.0292618018374,25768.037278798474,18113.962721201526,883.6006903732659,429.5421667695912
2021-05-31 00:00:00+00:00,United States of America,12677,32929178,304,20747.14285714286,634.7142857142857,5210.554494757423,255.07757923536323,25957.697351900282,15536.588362385435,889.7918649496489,379.6367064789224
2021-06-01 00:00:00+00:00,United States of America,9821,32938999,160,20160.85714285714,579.4285714285714,6236.079388753533,312.69039913992793,26396.936531610674,13924.777754103608,892.1189705684994,266.7381722886435
2021-06-02 00:00:00+00:00,United States of America,3678,32942677,110,17509.285714285714,526.2857142857143,8674.504802662077,360.0355141212784,26183.79051694779,8834.780911623637,886.3212284069928,166.2502001644359
2021-06-03 00:00:00+00:00,United States of America,20641,32963318,689,16967.285714285714,540.7142857142857,8279.170343180973,364.9117310098063,25246.456057466687,8688.115371104741,905.626016724092,175.80255470447935
2021-06-04 00:00:00+00:00,United States of America,15989,32979307,540,15756.857142857143,457.85714285714283,7591.643529313594,263.10164611890633,23348.500672170736,8165.213613543549,720.9587889760492,194.7554967382365
2021-06-05 00:00:00+00:00,United States of America,18568,32997875,598,15209.285714285714,449.14285714285717,7158.414133363635,256.2501567943811,22367.69984764935,8050.8715809220785,705.3930139372383,192.89270034847607
2021-06-06 00:00:00+00:00,United States of America,17729,33015604,583,14157.57142857143,426.2857142857143,5893.715858355044,231.62233217439731,20051.287286926472,8263.855570216387,657.9080464601116,194.66338211131696
2021-06-07 00:00:00+00:00,United States of America,11608,33027212,420,14004.857142857143,442.85714285714283,5952.034538108395,225.48350166655558,19956.89168096554,8052.822604748748,668.3406445236984,217.37364119058725
2021-06-08 00:00:00+00:00,United States of America,15410,33042622,418,14803.285714285714,479.7142857142857,5665.210196577602,189.80579046815208,20468.495910863316,9138.075517708112,669.5200761824378,289.9084952461336
2021-06-09 00:00:00+00:00,United States of America,13739,33056361,496,16240.57142857143,534.8571428571429,3040.499676976283,98.69891686577932,19281.07110554771,13200.071751595147,633.5560597229222,436.15822599136357
2021-06-10 00:00:00+00:00,United States of America,16551,33072912,322,15656.285714285714,482.42857142857144,2373.8399071420886,100.62779129521991,18030.125621427804,13282.445807143626,583.0563627237914,381.8007801333515
2021-06-11 00:00:00+00:00,United States of America,22053,33094965,433,16522.571428571428,467.14285714285717,3400.1174909640417,98.5299084397466,19922.68891953547,13122.453937607386,565.6727655826038,368.61294870311053
2021-06-12 00:00:00+00:00,United States of America,13304,33108269,513,15770.57142857143,455.0,3454.0239748771437,83.86099609871496,19224.595403448573,12316.547453694286,538.860996098715,371.13900390128504
2021-06-13 00:00:00+00:00,United States of America,12354,33120623,394,15002.714285714286,428.0,3542.409147939701,63.80961265098506,18545.123433653986,11460.305137774585,491.80961265098506,364.19038734901494
2021-06-14 00:00:00+00:00,United States of America,11678,33132301,224,15012.714285714286,400.0,3531.310319330047,100.41082278985412,18544.024605044335,11481.40396638424,500.41082278985414,299.58917721014586
